"ETAPA \ BARRA","AGUAYTIA 220","BALNEARIO 220","BALNEARIOS 60 A","CALLAHUANCA 220","CALLAHUANCA 60","CARHUAMAYO 220","CARHUAMAYO NUEVA 138","CARHUAQUERO 220","CHAVARRIA 220 A","CHICLAYO OESTE 220","CHIMBOTE 220","GUADALUPE 220","HUACHIPA 60","HUACHO 220","HUANCAVELICA 220","HUAYUCACHI 220","ICA 220","INDEPENDENCIA 220","MARCONA220","MOYOPAMPA 60","OROYA NUEVA 220","OROYA NUEVA 138","OROYA NUEVA 50","PACHACHACA 220","PARAGSHA2 220","PARAGSHA 138","PARAGSHA 50","PARAMONGA NUEVA 220","PIURA OESTE 220","SAN JUAN 220","SANTA ROSA 220 A","SANTA ROSA EDS 60","TALARA 220","TINGO MARIA 138","TINGO MARIA 220","TRUJILLO 220","VENTANILLA 220","VIZCARRA 220","ZAPALLAL 220","AGUAYTIA 138","PUCALLPA 138","HUALLANCA 138","CHIMBOTE 138","PUCALLPA 60","ZORRITOS 220","ABANCAY NUEVA 138","ARICOTA138","ARICOTA II 66","CAMPO ARMINO 220","AYAVIRI138","AZANGARO 138","CACHIMAYO 138","CALLALLI 138","CERRO VERDE 138","COMBAPATA 138","DOLORESPATA 138","DESIERTO220","JULIACA 138","MACHUPICCHU 138","MOLLENDO 138","MOQUEGUA 220","MOQUEGUA 138","PUNO 220","PUNO 138","SANTUARIO 138","SOCABAYA 220","SOCABAYA 138","ILO 138","LOS HEROES 220 A","LOS HEROES 66","TINTAYA 138","TOMASIRI 66","REPARTICION 138","ILO2 220","COTARUSE 220","CHILCA REP 220","CANTERA 220","PIURA OESTE 60","LA NINA 220","CONOCOCHA 220","HUINCO 220","INDEPENDENCIA 60","CHILLON 220","CHILLON 60","CHAVARRIA 60 A","CHAVARRIA 60 B","BARSI 60","BARSI 220","OQUENDO 60","CAJAMARCA 220","PLANICIE 220 A","CARABAYLLO 220","CARABAYLLO 500","CHILCA CTM 500","CHILCA CTM 220 A","KIMAN AYLLU 138","KIMAN AYLLU 220","PARAMONGA EXISTENTE 138","MACHALA 200","CHIMBOTE 500","TRUJILLO 500","HUARANGAL 60","POMACOCHA 220","PIEDRA BLANCA 138","POROMA 220","POROMA500","OCONA 500","MONTALVO 500","MONTALVO 220","HUANZA 220","INDUSTRIALES 220 A","TINTAYA 220","LA NINA 500","INDUSTRIALES 60","CARHUAMAYO 50","CARIPA138","HUAMPANI 60","HUANUCO 138","REFINERIA ZINC 220","QUENCORO 138","ILO 3 220","MIRADOR 220","MIRADOR 60","ALTO PRADERA 220","ABANCAY NUEVA 220","LOMERA 220","REQUE 220","SAN JOSE 500","SANTA TERESA 220","SURIRAY 220","ASIA 220","CERRO DEL AGUILA 220","CHAGLLA 220","RAMADA 220","SANTA ROSA LDS 60","LOMERA 60","ZAPALLAL 60","MALVINAS 220","MALVINAS 60","ABANCAY 138","YAUPI 138","SANTA ISABEL 220","YANANGO 220","CHIMAY 220","ILO3 138","MATUCANA 220","COLCABAMBA 500","COLCABAMBA 220","YARABAMBA 500","YARABAMBA 220","BELAUNDE 220","BELAUNDE 138","CACLIC 220","INDUSTRIALES 220B","PLANICIE60","COBRIZAI 69","MOLLEPATA 60","MOLLEPATA220","CARAPONGO 500","CARAPONGO 220 A","SAN JOSE 220","MARCONA 60 A","SAN NICOLAS 60","CALLAHUANCA EDN 220","PUMIRI138","PUMIRI220","SAN MIGUEL 220","SAN MIGUEL 60","FELAM 220","MANCHAY 60","MANCHAY 220","SAN RAFAEL 138","SAN GABAN 138","MARCONA 60 B","ANGEL 138","PTO MALDONADO 138","MEDIO MUNDO 220","AUCAYACU 138","BELLAVISTA 138","TARAPOTO 138","PARINAS 220","PAMPA HONDA 220","ORCOTUNA 220","SAN ROMAN 138","SAN ROMAN 220","CHILOTA 220","MAZUCO 138","JESUS 138","CARHUAMAYO 138","CINCO MANANTIALES 138","OXIDOS CERRO 138","TOCACHE 138","JUANJUI 138","FRANCOISE 220","BOTIFLACA 138","MILL SITE 138","PLAZA TOQUEPALA 138","QUEBRADA HONDA 138","PANAMERICANA SOLAR 138","TOQUEPALA 138","ILO ELS 138","REFINERIA 138","LIXIVIACION 138","PUSHBACK 138","INTIPAMPA 138","PLANICIE 220 B","CHILCA CTM 220 B","CARAPONGO 220 B","CHILCA 1 220","DERIVACION 220","CHAVARRIA 220 B","DERIVACION 220  BARRA II","CAMPAS 220","CAMPAS 500","PLANICIE 500","NUEVA CHINCHA 220","CAHUACHI 220","VALLE DEL CHIRA 220","SANTA ROSA 220 B","ERSUR 220","FLAMENCO220","BARRA3HERMANAS","BARRAPTALOMITAS","PUERTO CHANCAY 220","CHAPARRAL 138","CHIRIBAMBA 220","BARRAPTALOMITAS2","YSHCAYUCRO 220","PAQUILLUSI 220","MIGUEL GRAU 500","MIGUEL GRAU 220","ALIPIO ROSALES 220"
1.0000,26.2804,25.2246,25.2567,24.9116,24.2629,24.6183,24.4906,26.1376,25.3747,26.8399,26.1905,26.7074,25.5765,25.3700,24.5076,24.3915,25.6299,25.5842,25.8630,24.9923,24.6776,24.0557,24.3172,24.7849,24.7261,25.1134,25.1772,25.5505,28.0912,25.2052,25.3436,25.4194,28.2543,26.1476,26.0978,26.4747,25.3179,25.6295,25.3766,26.3262,27.2287,25.2534,26.2676,27.3099,28.5810,25.4838,28.1918,28.1172,24.0317,27.4049,26.9771,26.3406,27.8562,27.6366,27.3109,26.4819,25.5591,27.5385,25.1267,28.4923,27.6816,27.7262,27.5204,27.5818,27.0876,27.4481,27.4819,28.3120,27.8361,27.9095,28.2226,28.1120,28.0107,27.6868,25.8661,24.9462,25.3913,28.1207,26.8674,25.5185,25.0488,25.6939,25.3247,25.3471,25.4014,25.4409,25.4446,25.4220,25.3974,26.3244,25.5092,25.3760,25.4005,25.2351,25.1213,25.5216,25.7577,25.5725,0.0000,26.1722,26.4305,25.4311,24.8772,25.9830,25.9455,26.0072,26.9469,27.3955,27.6109,25.0841,25.5857,28.0495,26.7824,25.7089,24.4766,23.8425,25.7656,25.8281,25.3115,26.4901,27.9785,25.4408,25.4659,25.1470,25.3405,25.3897,26.8191,27.2911,25.1558,25.1623,25.1483,24.2755,24.0011,26.0280,25.3766,25.4587,25.3980,25.4942,25.5264,25.5905,24.1132,24.3313,25.0017,24.7969,27.9755,24.6929,24.8536,24.4984,27.2367,27.4281,27.0605,27.1788,26.7111,25.3099,25.8734,23.9360,24.8345,24.6444,25.3313,25.2547,27.4260,0.0000,25.9272,24.9142,27.0101,27.2198,25.2716,25.2527,26.8983,25.6858,25.5145,25.6530,23.8199,25.8885,23.8574,25.5966,25.4777,26.5066,28.0404,28.1560,28.2395,26.1160,24.4940,27.5235,27.4520,27.6231,24.3866,27.3906,24.5182,25.0794,25.1145,27.2823,27.9298,24.7941,28.1301,28.3537,28.3626,28.2356,27.9755,28.3484,28.2264,28.3558,28.3649,28.3368,27.8998,25.5092,25.1216,25.2548,0.0000,25.5113,25.3695,25.5114,25.0954,25.1745,25.3703,25.6205,25.8106,28.2942,25.3433,25.7540,25.9432,25.7779,25.3634,25.3745,28.1579,24.9331,25.3633,24.9704,26.5053,0.0000,0.0000,0.0000
2.0000,26.0418,25.1807,25.2143,24.8133,24.1653,24.4850,24.3631,25.9226,25.2587,26.6221,26.0106,26.5013,25.4623,25.0287,24.4528,24.3046,25.6255,25.5743,25.8207,24.9034,24.5774,23.9704,24.2267,24.6929,24.5796,24.9622,25.0255,25.2634,27.8267,25.1621,25.2546,25.3306,27.9790,25.9105,25.8678,26.2836,25.1979,25.4273,25.2448,26.0853,26.9434,25.0603,26.0833,27.0206,28.2961,25.3764,28.1057,28.0328,23.9626,27.3112,26.8821,26.2077,27.7581,27.5503,27.1941,26.3438,25.5515,27.4392,25.0295,28.3891,27.5963,27.6412,27.4250,27.4856,26.9948,27.3632,27.3961,28.2241,27.7460,27.8157,28.1285,28.0160,27.9137,27.6015,25.7797,24.9462,25.4006,27.8546,26.6591,25.3046,24.9459,25.6892,25.2044,25.2295,25.2867,25.3259,25.3349,25.3126,25.2811,26.1112,25.4002,25.2512,25.2919,25.1528,25.0680,25.3258,25.5501,25.2917,0.0000,25.9975,26.2421,25.2989,24.7911,25.7568,25.8875,25.9414,26.8686,27.3115,27.5260,24.9705,25.4735,27.9557,26.5781,25.5924,24.3456,23.7498,25.6247,25.6222,25.2066,26.3526,27.8922,25.3138,25.3337,25.1196,25.2381,25.1360,26.6031,27.2076,25.0589,25.0654,25.1541,24.2077,23.8589,25.8176,25.2863,25.1793,25.2753,25.3657,25.3953,25.4804,23.9850,24.2005,24.9029,24.6990,27.8892,24.5953,24.7858,24.4301,27.1537,27.3435,26.8172,26.9289,26.4821,25.2321,25.7230,23.8617,24.7774,24.5870,25.2302,25.1527,27.3411,0.0000,25.8956,24.8158,26.9152,27.1247,25.1689,25.1543,26.6863,25.5561,25.4050,25.5575,23.7206,25.8505,23.7585,25.4195,25.1657,26.2532,27.7295,27.8428,27.9645,25.9047,24.4032,27.4262,27.3557,27.5331,24.2609,27.3006,24.3901,24.9353,24.9636,26.9899,27.6214,24.6468,28.0473,28.2675,28.2764,28.1491,27.8892,28.2623,28.1372,28.2678,28.2787,28.2512,27.8145,25.4002,25.0683,25.1529,0.0000,25.5187,25.2737,25.5187,24.9959,25.0751,25.2710,25.6105,25.7823,28.0219,25.2544,25.7159,25.8857,25.7448,25.3872,25.1657,28.0590,24.8957,25.3871,24.8032,26.4127,0.0000,0.0000,0.0000
3.0000,25.5621,24.7652,24.7978,24.3983,23.7631,24.0752,23.9611,25.4211,24.8245,26.0993,25.5323,25.9929,25.0123,24.5895,24.0823,23.9208,25.2592,25.1936,25.4891,24.4921,24.1714,23.5719,23.8257,24.2873,24.1650,24.5453,24.6056,24.8176,27.2077,24.7478,24.8273,24.9011,27.3415,25.4340,25.3959,25.7892,24.7645,24.9806,24.8135,25.6036,26.4222,24.6062,25.6009,26.4958,27.6472,25.0265,27.7829,27.7108,23.5987,27.0201,26.5879,25.8272,27.6092,27.2577,26.8499,25.9575,25.1618,27.1346,24.6878,28.0829,27.2817,27.3254,27.1207,27.1804,26.9739,27.0645,27.1095,27.8930,27.4286,27.4973,27.8430,27.7013,27.6154,27.2868,25.4398,24.5492,25.0163,27.2330,26.1374,24.8580,24.5262,25.3051,24.7708,24.7957,24.8512,24.8885,24.9004,24.8783,24.8453,25.6148,24.9751,24.8216,24.8662,24.7430,24.6629,24.8690,25.0837,24.8458,0.0000,25.5211,25.7501,24.8637,24.3855,25.2862,25.5531,25.6008,26.5498,26.9995,27.2118,24.5546,25.0457,27.6635,26.0622,25.1620,23.9499,23.3466,25.1665,25.1602,24.7793,25.9669,27.5719,24.8807,24.8988,24.7106,24.8926,24.6970,26.0826,26.8965,24.7173,24.7238,24.7582,23.8565,23.4564,25.3371,24.8574,24.7270,24.8399,24.9295,24.9564,25.1307,23.5862,23.7966,24.4880,24.2875,27.5692,24.1838,24.4374,24.0756,26.8438,27.0437,26.2858,26.3903,25.9673,24.8079,25.2786,23.5056,24.3913,24.2103,24.8084,24.7278,27.0340,0.0000,25.5537,24.4006,26.6209,26.8303,24.7428,24.7272,26.1656,25.1224,24.9797,25.2750,23.4501,25.5158,23.4879,25.0752,24.7229,25.7628,27.1576,27.2578,27.3273,25.4196,24.0147,27.1223,27.0537,27.2234,23.9653,27.1007,23.9880,24.5276,24.5469,26.4623,27.0562,24.2314,27.7228,27.9425,27.9515,27.8259,27.5692,27.9374,27.8083,27.9335,27.9537,27.9250,27.4962,24.9751,24.6632,24.7279,0.0000,25.1862,24.8441,25.1862,24.5789,24.6569,24.8506,25.2240,25.4499,27.3855,24.8271,25.3898,25.5517,25.4208,25.0707,24.7315,27.7583,24.5213,25.0706,24.3788,26.1261,0.0000,0.0000,0.0000
4.0000,25.5679,24.7038,24.7334,24.3840,23.7619,24.0807,23.9669,25.3648,24.8007,26.0143,25.5241,25.9272,24.9850,24.7709,24.0476,23.8967,25.2071,25.1342,25.4657,24.4428,24.1692,23.5745,23.8261,24.2822,24.1749,24.5565,24.6171,24.9424,27.5726,24.6873,24.7896,24.8589,27.6701,25.4393,25.4047,25.7649,24.7446,25.0091,24.8096,25.6087,26.4127,24.5975,25.5933,26.4850,27.9322,24.9921,27.7235,27.6505,23.5740,26.9893,26.5561,25.7845,27.5989,27.2296,26.8134,25.9133,25.0954,27.0976,24.6539,28.0468,27.2433,27.2862,27.0840,27.1428,26.9739,27.0333,27.0795,27.8561,27.3897,27.4598,27.8131,27.6574,27.5840,27.2484,25.4073,24.4748,24.9316,27.6203,26.1662,24.8980,24.5052,25.2439,24.7506,24.7724,24.8247,24.8601,24.8698,24.8484,24.8191,25.5833,24.9522,24.8140,24.8496,24.7139,24.6178,24.8616,25.0836,24.9797,0.0000,25.5097,25.7358,24.8550,24.3717,25.2882,25.5287,25.5726,26.5184,26.9649,27.1744,24.5421,25.0215,27.6326,26.0811,25.1378,23.9548,23.3529,25.1206,25.1560,24.7575,25.9240,27.5274,24.8696,24.8900,24.6439,24.8585,24.7986,26.0007,26.8637,24.6835,24.6899,24.6798,23.8309,23.4661,25.3227,24.8189,24.8417,24.8203,24.9155,24.9413,25.0973,23.5881,23.8005,24.5520,24.4639,27.5242,24.1694,24.4108,24.0498,26.8111,27.0124,26.2418,26.3448,25.9293,24.7648,25.2537,23.4887,24.3431,24.1705,24.7934,24.7066,27.0015,0.0000,25.5194,24.3861,26.5889,26.7976,24.7214,24.7058,26.1245,25.0995,24.9566,25.2447,23.4140,25.4933,23.4522,24.9878,24.8726,25.7611,27.1154,27.2042,27.6554,25.4003,23.9923,27.0855,27.0178,27.1855,23.9118,27.0794,23.9939,24.5368,24.5579,26.4503,27.0182,24.2403,27.6761,27.8802,27.8897,27.7748,27.5242,27.8752,27.7695,27.8963,27.8918,27.8532,27.4506,24.9522,24.6181,24.7067,0.0000,25.1547,24.8090,25.1547,24.6189,24.6862,24.8278,25.1595,25.4224,27.7271,24.7895,25.3670,25.5274,25.3972,25.0479,24.7957,27.7255,24.4769,25.0478,24.3980,26.0942,0.0000,0.0000,0.0000
5.0000,25.5097,24.6472,24.6747,24.3406,23.7618,24.0473,23.9290,25.3007,24.7607,25.9573,25.4440,25.8613,24.9249,24.7914,24.0185,23.8673,25.1788,25.0999,25.4395,24.3752,24.1350,23.5682,23.8125,24.2396,24.1406,24.5144,24.5740,24.9322,26.9481,24.6314,24.7355,24.7985,27.0455,25.3821,25.3504,25.6828,24.7121,24.9711,24.7692,25.5495,26.3334,24.5373,25.5119,26.4039,27.3063,24.9614,27.6715,27.5991,23.5471,26.9473,26.5105,25.7532,27.5835,27.1883,26.7790,25.8817,25.0572,27.0517,24.6236,27.9952,27.1997,27.2424,27.0384,27.0965,26.9739,26.9939,27.0412,27.8104,27.3427,27.4110,27.7760,27.5995,27.5414,27.2048,25.3761,24.4227,24.8896,26.9717,25.9955,24.8633,24.4090,25.2096,24.7179,24.7373,24.7839,24.8182,24.8220,24.8013,24.7807,25.5178,24.8982,24.7699,24.7994,24.6644,24.5674,24.8092,25.0317,24.9586,0.0000,25.4306,25.6448,24.8139,24.3228,25.2328,25.4969,25.5373,26.4800,26.9235,27.1314,24.5024,24.9663,27.5932,25.9277,25.0799,23.9175,23.3345,25.0945,25.1038,24.7060,25.8939,27.4807,24.8235,24.8444,24.5891,24.8280,24.7895,25.9423,26.8239,24.6531,24.6596,24.6320,23.8073,23.4328,25.2653,24.7641,24.8239,24.7823,24.8674,24.8922,25.0664,23.5715,23.7743,24.5039,24.4160,27.4773,24.1263,24.3838,24.0231,26.7706,26.9729,26.1623,26.2622,25.8565,24.7102,25.1920,23.4830,24.3021,24.1389,24.7427,24.6523,26.9617,0.0000,25.5106,24.3426,26.5435,26.7536,24.6667,24.6507,26.0231,25.0415,24.9024,25.1885,23.3610,25.4707,23.3992,24.9055,24.8766,25.6971,27.0236,27.1019,27.0304,25.3408,23.9614,27.0400,26.9725,27.1412,23.8481,27.0526,23.9550,24.4760,24.5151,26.3757,26.9297,24.2093,27.6276,27.8271,27.8366,27.7224,27.4773,27.8223,27.7244,27.8505,27.8387,27.7992,27.4042,24.8982,24.5677,24.6524,0.0000,25.1389,24.7572,25.1389,24.5701,24.6366,24.7770,25.1229,25.4011,27.0988,24.7353,25.3404,25.4955,25.3710,25.0398,24.7777,27.6801,24.4457,25.0396,24.3635,26.0514,0.0000,0.0000,0.0000
6.0000,25.4590,24.6324,24.6588,24.3311,23.7618,24.0246,23.9056,25.2492,24.7568,25.9134,25.4167,25.8240,24.9120,24.7298,24.0078,23.8575,25.1633,25.0821,25.4271,24.3573,24.1196,23.5612,23.8037,24.2236,24.1153,24.4869,24.5463,24.8798,26.8878,24.6171,24.7249,24.7859,26.9814,25.3341,25.3036,25.6512,24.7121,24.9345,24.7568,25.4978,26.2615,24.5007,25.4856,26.3302,27.2403,24.9509,27.7171,27.6476,23.5407,26.9497,26.5121,25.7445,27.5858,27.1914,26.7765,25.8735,25.0387,27.0575,24.6176,27.9943,27.2133,27.2573,27.0455,27.1041,26.9739,26.9982,27.0450,27.8268,27.3536,27.4172,27.7793,27.6252,27.5394,27.2184,25.3738,24.4106,24.8644,26.9108,25.9567,24.8237,24.4266,25.1897,24.7178,24.7378,24.7793,24.8121,24.8132,24.7934,24.7778,25.4712,24.8859,24.7569,24.7855,24.6589,24.5595,24.7676,24.9902,24.9031,0.0000,25.4035,25.6137,24.8017,24.3125,25.1863,25.4906,25.5334,26.4816,26.9309,27.1434,24.4904,24.9528,27.5963,25.8906,25.0644,23.8911,23.3205,25.0925,25.0600,24.6998,25.8871,27.5045,24.8098,24.8309,24.5750,24.8197,24.7514,25.8994,26.8276,24.6473,24.6537,24.6132,23.8073,23.4082,25.2209,24.7530,24.7913,24.7775,24.8533,24.8782,25.0528,23.5487,23.7516,24.4343,24.2655,27.5021,24.1172,24.3811,24.0192,26.7757,26.9774,26.1077,26.2062,25.8057,24.6987,25.1792,23.4676,24.2880,24.1252,24.7274,24.6455,26.9653,0.0000,25.4871,24.3333,26.5455,26.7567,24.6593,24.6439,25.9828,25.0290,24.8901,25.1778,23.3529,25.4522,23.3910,24.8843,24.8202,25.6461,26.9503,27.0279,26.9664,25.2956,23.9512,27.0463,26.9783,27.1517,23.8364,27.0546,23.9314,24.4513,24.4877,26.3131,26.8577,24.1854,27.6544,27.8762,27.8852,27.7633,27.5021,27.8710,27.7397,27.8669,27.8874,27.8588,27.4285,24.8859,24.5598,24.6456,0.0000,25.1312,24.7475,25.1313,24.5173,24.5899,24.7662,25.1039,25.3903,27.0350,24.7247,25.3313,25.4892,25.3593,25.0368,24.7472,27.6785,24.4323,25.0367,24.3339,26.0544,0.0000,0.0000,0.0000
7.0000,25.4078,24.6285,24.6546,24.3282,23.7618,23.9956,23.8841,25.1841,24.7559,25.8432,25.3726,25.7615,24.9164,24.6798,24.0088,23.8511,25.1800,25.0925,25.4442,24.3549,24.0963,23.5132,23.7618,24.2117,24.0830,24.4578,24.5173,24.8343,26.7426,24.6134,24.7224,24.7823,26.8259,25.2858,25.2544,25.5984,24.7121,24.8915,24.7495,25.4462,26.2019,24.4541,25.4397,26.2698,27.0810,24.9417,27.6963,27.6239,23.5387,26.9500,26.5143,25.7316,27.5758,27.1883,26.7700,25.8608,25.0437,27.0547,24.6099,27.9842,27.2047,27.2453,27.0428,27.1017,26.9739,26.9957,27.0423,27.8122,27.3466,27.4140,27.7768,27.6080,27.5354,27.2098,25.3684,24.4096,24.8786,26.7638,25.8796,24.7801,24.4451,25.2012,24.7177,24.7383,24.7787,24.8112,24.8107,24.7911,24.7776,25.4114,24.8796,24.7500,24.7789,24.6589,24.5591,24.7209,24.9403,24.8632,0.0000,25.3610,25.5611,24.7940,24.3025,25.1396,25.4981,25.5368,26.4809,26.9257,27.1357,24.4836,24.9460,27.5942,25.8180,25.0578,23.8667,23.2789,25.1075,25.0163,24.7000,25.8748,27.4907,24.8025,24.8236,24.5719,24.8113,24.7177,25.8305,26.8248,24.6395,24.6460,24.6165,23.8073,23.3769,25.1662,24.7501,24.7461,24.7751,24.8454,24.8697,25.0433,23.5215,23.7234,24.4284,24.2597,27.4897,24.1166,24.3820,24.0189,26.7717,26.9747,26.0360,26.1323,25.7396,24.6959,25.1613,23.4662,24.2882,24.1258,24.7231,24.6460,26.9631,0.0000,25.5365,24.3306,26.5473,26.7566,24.6602,24.6469,25.9111,25.0167,24.8837,25.1749,23.3475,25.4744,23.3857,24.8539,24.7726,25.5931,26.8577,26.9235,26.8098,25.2393,23.9448,27.0436,26.9763,27.1461,23.8228,27.0525,23.9085,24.4235,24.4587,26.2538,26.7697,24.1510,27.6105,27.8551,27.8644,27.7427,27.4897,27.8500,27.7269,27.8526,27.8665,27.8341,27.4140,24.8796,24.5594,24.6461,0.0000,25.1554,24.7451,25.1554,24.5119,24.5846,24.7620,25.1107,25.4086,26.8749,24.7222,25.3531,25.4966,25.3770,25.0664,24.7242,27.6726,24.4369,25.0662,24.2981,26.0543,0.0000,0.0000,0.0000
8.0000,25.4129,24.6261,24.6502,24.3422,23.8443,24.0031,23.8919,25.1977,24.7557,25.8686,25.3916,25.7857,24.9274,24.6847,24.0106,23.8523,25.1856,25.0953,25.4498,24.3385,24.1018,23.5145,23.7641,24.2176,24.0914,24.4687,24.5288,24.8440,26.8228,24.6113,24.7217,24.7743,26.9163,25.2924,25.2611,25.6196,24.7121,24.9010,24.7502,25.4509,26.1997,24.4676,25.4607,26.2670,27.1733,24.9394,27.6954,27.6247,23.5403,26.9379,26.5009,25.7321,27.5711,27.1823,26.7688,25.8613,25.0470,27.0435,24.6088,27.9758,27.1957,27.2372,27.0314,27.0901,26.9739,26.9883,27.0352,27.7970,27.3371,27.4028,27.7688,27.6113,27.5334,27.2007,25.3667,24.4082,24.8756,26.8446,25.9139,24.7902,24.4484,25.2042,24.7176,24.7376,24.7780,24.8100,24.8099,24.7903,24.7766,25.4268,24.8768,24.7509,24.7807,24.6589,24.5586,24.7311,24.9532,24.8758,0.0000,25.3787,25.5828,24.7950,24.3065,25.1463,25.4993,25.5360,26.4755,26.9180,27.1271,24.4846,24.9426,27.5855,25.8496,25.0517,23.8729,23.2834,25.1627,25.0229,24.7027,25.8752,27.4828,24.8025,24.8220,24.5700,24.8095,24.7194,25.8557,26.8176,24.6384,24.6448,24.6160,23.8073,23.3850,25.1804,24.7491,24.7422,24.7744,24.8448,24.8687,25.0399,23.5273,23.7302,24.4313,24.2626,27.4815,24.1277,24.3815,24.0192,26.7648,26.9675,26.0490,26.1460,25.7538,24.6949,25.1502,23.4642,24.2928,24.1284,24.7247,24.6494,26.9553,0.0000,25.5234,24.3447,26.5341,26.7450,24.6639,24.6510,25.9431,25.0087,24.8808,25.1657,23.3353,25.4823,23.3737,24.8232,24.7803,25.6043,26.8761,26.9414,26.9011,25.2540,23.9460,27.0324,26.9649,27.1355,23.8056,27.0475,23.9167,24.4403,24.4698,26.2700,26.7882,24.1599,27.6133,27.8538,27.8630,27.7378,27.4815,27.8487,27.7119,27.8373,27.8652,27.8340,27.4078,24.8768,24.5589,24.6495,0.0000,25.1717,24.7443,25.1718,24.5145,24.5866,24.7625,25.1138,25.4166,26.9695,24.7215,25.3607,25.4979,25.3826,25.0904,24.7265,27.6687,24.4391,25.0902,24.3070,26.0430,0.0000,0.0000,0.0000
9.0000,25.4171,24.6267,24.6527,24.3337,23.7618,24.0086,23.9013,25.2197,24.7560,25.9091,25.4101,25.8230,24.9196,24.6945,24.0103,23.8558,25.1974,25.1000,25.4606,24.3504,24.1075,23.5149,23.7665,24.2251,24.0963,24.4699,24.5290,24.8549,26.9713,24.6118,24.7228,24.7816,27.1072,25.2968,25.2660,25.6457,24.7121,24.9084,24.7545,25.4550,26.1999,24.4876,25.4758,26.2668,27.4044,24.9495,27.7363,27.6672,23.5415,26.9667,26.5297,25.7562,27.5818,27.2084,26.8000,25.8837,25.0485,27.0781,24.6218,28.0155,27.2298,27.2740,27.0653,27.1251,26.9739,27.0149,27.0604,27.8417,27.3705,27.4341,27.7951,27.6394,27.5656,27.2349,25.3795,24.4077,24.8723,26.9934,25.9672,24.8002,24.4495,25.2086,24.7176,24.7370,24.7783,24.8103,24.8110,24.7910,24.7765,25.4484,24.8839,24.7560,24.7875,24.6589,24.5585,24.7534,24.9702,24.8864,0.0000,25.3986,25.6099,24.7979,24.3123,25.1501,25.5119,25.5490,26.4985,26.9473,27.1599,24.4892,24.9494,27.6125,25.8972,25.0593,23.8891,23.2811,25.0760,25.0249,24.7037,25.8971,27.5209,24.8071,24.8284,24.5699,24.8209,24.7292,25.8956,26.8446,24.6513,24.6577,24.6132,23.8073,23.3898,25.1998,24.7502,24.7618,24.7750,24.8488,24.8719,25.0462,23.5341,23.7362,24.4936,24.4057,27.5184,24.1189,24.3863,24.0223,26.7917,26.9940,26.0678,26.1658,25.7739,24.6958,25.1725,23.4751,24.2847,24.1259,24.7334,24.6505,26.9830,0.0000,25.5186,24.3359,26.5631,26.7746,24.6647,24.6521,25.9924,25.0243,24.8880,25.1801,23.3544,25.4903,23.3925,24.8466,24.7908,25.6079,26.8789,26.9459,27.0912,25.2740,23.9497,27.0665,26.9979,27.1697,23.8278,27.0639,23.9260,24.4437,24.4712,26.2693,26.7899,24.1630,27.6735,27.8953,27.9043,27.7769,27.5184,27.8902,27.7545,27.8823,27.9065,27.8781,27.4459,24.8839,24.5588,24.6506,0.0000,25.1934,24.7453,25.1934,24.5601,24.6266,24.7665,25.1163,25.4324,27.1448,24.7226,25.3726,25.5105,25.3939,25.1185,24.7328,27.7032,24.4408,25.1183,24.3135,26.0718,0.0000,0.0000,0.0000
10.0000,25.3400,24.6496,24.6768,24.3298,23.7618,23.9616,23.8582,25.1679,24.7530,25.8730,25.3697,25.7867,24.9175,24.4739,24.0091,23.8501,25.2038,25.1066,25.4677,24.3634,24.0870,23.4937,23.7454,24.2145,24.0403,24.4046,24.4639,24.6873,26.9850,24.6346,24.7283,24.7887,27.1394,25.2201,25.1880,25.6106,24.7083,24.8247,24.7318,25.3781,26.1275,24.4290,25.4307,26.1949,27.4887,24.9457,27.7384,27.6697,23.5390,26.9705,26.5350,25.7540,27.5758,27.2083,26.8062,25.8844,25.0570,27.0854,24.6200,28.0189,27.2305,27.2746,27.0714,27.1322,26.9739,27.0139,27.0593,27.8381,27.3703,27.4334,27.7969,27.6334,27.5685,27.2355,25.3770,24.4452,24.8936,27.0071,25.9428,24.7050,24.4449,25.2117,24.7138,24.7366,24.7767,24.8090,24.8098,24.7901,24.7757,25.3922,24.8763,24.7373,24.7780,24.6589,24.5717,24.6916,24.8981,24.7185,0.0000,25.3633,25.5756,24.7783,24.3041,25.0765,25.5148,25.5513,26.4992,26.9475,27.1605,24.4744,24.9418,27.6145,25.8706,25.0495,23.8432,23.2536,25.1027,24.9570,24.7008,25.8976,27.5210,24.7892,24.8071,24.5982,24.8180,24.5928,25.8596,26.8447,24.6494,24.6558,24.6448,23.8073,23.3354,25.1346,24.7557,24.6070,24.7678,24.8320,24.8555,25.0411,23.4861,23.6889,24.4859,24.3981,27.5187,24.1165,24.3867,24.0216,26.7915,26.9931,26.0081,26.1052,25.7158,24.7055,25.1597,23.4686,24.2885,24.1264,24.7275,24.6477,26.9829,0.0000,25.5374,24.3322,26.5683,26.7796,24.6618,24.6499,25.9629,25.0136,24.8804,25.1820,23.3592,25.4992,23.3972,24.8616,24.5989,25.5284,26.8010,26.8753,27.1211,25.2113,23.9426,27.0731,27.0041,27.1728,23.8377,27.0635,23.8818,24.3815,24.4060,26.1814,26.7103,24.1058,27.6744,27.8974,27.9063,27.7770,27.5187,27.8922,27.7510,27.8785,27.9085,27.8804,27.4469,24.8763,24.5720,24.6479,0.0000,25.2043,24.7487,25.2043,24.5529,24.6202,24.7611,25.1211,25.4405,27.1688,24.7281,25.3816,25.5134,25.4025,25.1324,24.6372,27.7062,24.4426,25.1322,24.2455,26.0766,0.0000,0.0000,0.0000
11.0000,25.3463,24.6532,24.6809,24.3310,23.7618,23.9658,23.8609,25.1857,24.7572,25.8976,25.3875,25.8118,24.9173,24.4801,24.0158,23.8612,25.2079,25.1160,25.4628,24.3656,24.0878,23.4906,23.7428,24.2154,24.0452,24.4149,24.4748,24.6969,27.0281,24.6379,24.7317,24.7921,27.1877,25.2247,25.1935,25.6302,24.7121,24.8290,24.7352,25.3847,26.1407,24.4399,25.4513,26.2087,27.5430,25.0652,27.7368,27.6661,23.5456,26.9786,26.5429,25.8747,27.5782,27.2133,26.8701,26.0008,25.0622,27.0963,24.7357,28.0243,27.2351,27.2787,27.0815,27.1429,26.9739,27.0200,27.0642,27.8401,27.3793,27.4463,27.8050,27.6532,27.5733,27.2402,25.4326,24.4478,24.9096,27.0507,25.9659,24.7121,24.4475,25.2269,24.7176,24.7393,24.7820,24.8153,24.8135,24.7938,24.7804,25.4083,24.8767,24.7403,24.7812,24.6589,24.5727,24.6986,24.9092,24.7295,0.0000,25.3799,25.5949,24.7815,24.3043,25.0833,25.5137,25.5520,26.5008,26.9518,27.1650,24.4799,24.9416,27.6245,25.8930,25.0476,23.8458,23.2562,25.0873,24.9689,24.7035,26.0098,27.5233,24.7925,24.8114,24.6008,24.9342,24.5983,25.8842,26.8471,24.7628,24.7690,24.6521,23.8073,23.3402,25.1483,24.7594,24.6154,24.7715,24.8349,24.8579,25.1634,23.4924,23.6940,24.4878,24.4000,27.5207,24.1166,24.3879,24.0247,26.7968,26.9990,26.0252,26.1232,25.7325,24.7089,25.1600,23.4843,24.3038,24.1388,24.7301,24.6500,26.9842,0.0000,25.5336,24.3333,26.5763,26.7892,24.6639,24.6524,25.9879,25.0138,24.8808,25.1902,23.3670,25.4930,23.4050,24.8725,24.6072,25.5329,26.8098,26.8822,27.1688,25.2258,23.9529,27.0833,27.0144,27.1805,23.8463,27.0673,23.8846,24.3832,24.4160,26.1892,26.7193,24.1089,27.6748,27.8955,27.9042,27.7765,27.5207,27.8904,27.7527,27.8802,27.9065,27.8788,27.4493,24.8767,24.5730,24.6501,0.0000,25.2047,24.7521,25.2048,24.5549,24.6227,24.7627,25.1279,25.4255,27.2156,24.7315,25.3791,25.5124,25.3993,25.1358,24.6416,27.7112,24.4504,25.1357,24.2511,26.0861,0.0000,0.0000,0.0000
12.0000,25.4019,24.6247,24.6494,24.3449,23.8464,23.9843,23.8802,25.2363,24.7563,25.9552,25.4386,25.8684,24.9206,24.6910,24.0054,23.8666,25.1749,25.0779,25.4596,24.3365,24.0900,23.4812,23.7355,24.2174,24.0702,24.4360,24.4963,24.8528,27.1110,24.6095,24.7237,24.7765,27.2740,25.2855,25.2504,25.6818,24.7121,24.8923,24.7554,25.4399,26.1860,24.4857,25.5075,26.2531,27.6330,25.0720,27.7361,27.6659,23.5439,26.9609,26.5223,25.8792,27.5674,27.2112,26.8689,26.0054,25.0004,27.0748,24.7394,27.9883,27.2372,27.2809,27.0638,27.1227,26.9739,27.0231,27.0661,27.8384,27.3769,27.4408,27.7977,27.6496,27.5581,27.2422,25.4347,24.4045,24.8945,27.1342,26.0249,24.7888,24.4528,25.1875,24.7175,24.7376,24.7783,24.8100,24.8115,24.7914,24.7766,25.4606,24.8810,24.7575,24.7899,24.6589,24.5574,24.7423,24.9673,24.8851,0.0000,25.4260,25.6459,24.7982,24.3014,25.1399,25.5150,25.5523,26.5048,26.9550,27.1673,24.4935,24.9451,27.6166,25.9504,25.0483,23.8575,23.2570,25.1395,25.0176,24.7063,26.0126,27.5238,24.8089,24.8296,24.5657,24.9394,24.7240,25.9416,26.8523,24.7665,24.7727,24.6170,23.8073,23.3644,25.2037,24.7515,24.7421,24.7748,24.8500,24.8726,25.1722,23.5108,23.7124,24.4932,24.4053,27.5212,24.1304,24.3872,24.0237,26.7994,27.0021,26.0594,26.1593,25.7752,24.6959,25.1704,23.4817,24.3011,24.1324,24.7352,24.6538,26.9910,0.0000,25.5159,24.3475,26.5563,26.7716,24.6678,24.6537,26.0474,25.0214,24.8852,25.1618,23.3214,25.4870,23.3604,24.6580,24.7880,25.5834,26.8210,26.8917,27.2554,25.2803,23.9595,27.0640,26.9956,27.1731,23.7549,27.0672,23.9026,24.4053,24.4371,26.2139,26.7326,24.1313,27.6779,27.8959,27.9046,27.7799,27.5212,27.8908,27.7473,27.8816,27.9069,27.8794,27.4511,24.8810,24.5577,24.6539,0.0000,25.1822,24.7460,25.1823,24.5604,24.6271,24.7673,25.0644,25.4098,27.3038,24.7235,25.3779,25.5137,25.3981,25.1163,24.7321,27.6897,24.4291,25.1162,24.2919,26.0689,0.0000,0.0000,0.0000
13.0000,25.3002,24.6526,24.6832,24.3249,23.7618,23.9411,23.8351,25.1964,24.7566,25.9049,25.3871,25.8147,24.8600,24.6196,23.9871,23.8470,25.1480,25.0577,25.3814,24.3575,24.0788,23.5110,23.7545,24.2047,24.0177,24.3598,24.4174,24.7814,27.0409,24.6355,24.7324,24.7948,27.2152,25.1875,25.1561,25.6304,24.7121,24.8199,24.7405,25.3363,26.0473,24.4140,25.4511,26.1112,27.5687,24.8964,27.5709,27.5025,23.5424,26.7829,26.3401,25.6698,27.4728,27.0596,26.6582,25.7887,24.9945,26.8985,24.5906,27.7159,27.0872,27.1299,26.8912,26.9484,26.9474,26.8864,26.9323,27.6777,27.2138,27.2695,27.6302,27.4466,27.3383,27.0919,25.3082,24.4364,24.8646,27.0622,25.9734,24.7197,24.4361,25.1673,24.7176,24.7408,24.7813,24.8144,24.8173,24.7958,24.7805,25.4026,24.8693,24.7431,24.7772,24.6589,24.5683,24.6714,24.8968,24.8123,0.0000,25.3793,25.5955,24.7743,24.2916,25.0467,25.4416,25.4823,26.3890,26.8173,27.0199,24.4775,24.9322,27.4485,25.8989,25.0363,23.8136,23.2638,25.0428,24.9324,24.7001,25.7951,27.3673,24.7923,24.8100,24.5917,24.7766,24.6661,25.8908,26.7188,24.6180,24.6242,24.6262,23.8073,23.3134,25.1383,24.7625,24.6374,24.7697,24.8333,24.8546,24.9839,23.4686,23.6698,24.4660,24.3532,27.3653,24.1112,24.3628,24.0099,26.6700,26.8663,25.9915,26.0907,25.7120,24.7088,25.1230,23.6205,24.1588,24.0752,24.7243,24.6465,26.8518,0.0000,25.4310,24.3274,26.3751,26.5957,24.6581,24.6410,25.9984,24.9953,24.8730,24.9551,23.0959,25.4005,23.1363,24.1514,24.7163,25.4818,26.7329,26.8103,27.1983,25.2169,23.9404,26.8894,26.8212,27.0115,23.4381,26.9686,23.8564,24.3220,24.3604,26.1086,26.6407,24.0738,27.5169,27.7311,27.7399,27.6190,27.3651,27.7261,27.5862,27.7201,27.7421,27.7142,27.2945,24.8693,24.5687,24.6466,0.0000,25.1414,24.7533,25.1414,24.5385,24.6061,24.7586,25.0513,25.3376,27.2378,24.7322,25.3021,25.4403,25.3222,25.0782,24.6964,27.4350,24.4101,25.0781,24.2343,25.8977,0.0000,0.0000,0.0000
14.0000,25.2314,24.5808,24.6101,24.2772,23.7670,23.8791,23.7767,25.0717,24.6863,25.7652,25.2797,25.6841,24.7661,24.5402,23.9591,23.8166,25.0533,24.9864,25.2421,24.2737,24.0255,23.4576,23.7024,24.1538,23.9520,24.2886,24.3431,24.6989,26.8290,24.5640,24.6598,24.7146,26.9938,25.1182,25.0849,25.5112,24.6421,24.7401,24.6678,25.2681,25.9911,24.3120,25.3447,26.0561,27.3380,24.7431,27.2165,27.1457,23.5205,26.4653,26.0323,25.5017,27.1347,26.7045,26.4023,25.6144,24.9260,26.5831,24.4381,26.9960,26.7727,26.8128,26.5758,26.6324,26.6236,26.5928,26.6305,27.3255,26.8956,26.9525,27.2919,27.0930,26.7764,26.7774,25.1475,24.3688,24.8237,26.8479,25.8319,24.6364,24.3685,25.0953,24.6475,24.6701,24.7114,24.7446,24.7447,24.7238,24.7103,25.2861,24.7892,24.6701,24.6994,24.5858,24.4970,24.5673,24.7956,24.7320,0.0000,25.2715,25.4765,24.7016,24.2394,24.9790,25.2913,25.3240,26.1402,26.5233,26.7081,24.4171,24.8502,27.1215,25.7621,24.9507,23.7657,23.2016,24.8916,24.8677,24.6318,25.6161,27.0321,24.7188,24.7370,24.5213,24.6226,24.5882,25.7526,26.4344,24.4651,24.4712,24.5639,23.8073,23.2496,25.0296,24.6888,24.5537,24.6986,24.7591,24.7804,24.8304,23.4091,23.6089,24.3992,24.2870,27.0294,24.0799,24.3067,23.9712,26.3905,26.5747,25.8774,25.9746,25.5968,24.6365,25.0353,23.4468,24.2373,24.0757,24.6487,24.5789,26.5567,0.0000,25.3119,24.2797,26.0667,26.2829,24.5892,24.5684,25.8579,24.9121,24.7927,24.6738,22.8423,25.2666,22.8819,23.9363,24.6351,25.4134,26.6615,26.7300,26.9769,25.1058,23.9055,26.5738,26.5065,26.6949,23.2010,26.6620,23.7978,24.2494,24.2892,26.0438,26.5715,24.0083,27.1861,27.3748,27.3835,27.2668,27.0245,27.3700,27.2361,27.3671,27.3856,27.3531,26.9550,24.7892,24.4973,24.5790,0.0000,25.0347,24.6809,25.0347,24.4695,24.5333,24.6817,24.9828,25.2044,27.0170,24.6597,25.1646,25.2900,25.1852,24.9739,24.6212,26.7308,24.3650,24.9738,24.1632,25.5930,0.0000,0.0000,0.0000
15.0000,25.3984,24.6015,24.6326,24.3070,23.8189,23.9482,23.8342,25.1789,24.7294,25.8697,25.3489,25.7827,24.8255,24.7125,23.9715,23.8535,25.0126,24.9660,25.0925,24.2925,24.0695,23.4964,23.7432,24.1888,24.0306,24.3761,24.4333,24.8395,26.9445,24.5826,24.6921,24.7429,27.1073,25.2789,25.2386,25.5929,24.6864,24.8517,24.7125,25.4387,26.2304,24.4017,25.4145,26.3016,27.4534,24.6345,26.7820,26.7060,23.5389,26.1280,25.6973,25.4133,26.7918,26.2741,26.2076,25.5299,24.9097,26.2380,24.3192,26.0144,26.3850,26.4214,26.2234,26.2793,26.2918,26.2394,26.2667,26.9178,26.5142,26.5803,26.9492,26.7079,26.0848,26.3897,25.0022,24.3635,24.8063,26.9648,25.9244,24.7476,24.4111,25.0797,24.6920,24.7145,24.7539,24.7874,24.7884,24.7660,24.7539,25.3945,24.8093,24.7089,24.7259,24.5886,24.4968,24.6622,24.8982,24.8680,0.0000,25.3392,25.5550,24.7501,24.2734,25.1352,25.1301,25.1591,25.8465,26.1672,26.3238,24.4554,24.8732,26.7763,25.8519,24.9744,23.8145,23.2484,24.6332,25.0158,24.6667,25.5262,26.6174,24.7602,24.7821,24.5309,24.5076,24.7024,25.8561,26.0913,24.3452,24.3513,24.5578,23.8073,23.3259,25.1358,24.7218,24.6653,24.7448,24.8018,24.8237,24.7235,23.4775,23.6775,24.4261,24.3134,26.6131,24.0927,24.2514,23.9482,26.0585,26.2237,26.0344,26.1375,25.7307,24.6655,25.0701,23.4463,24.2750,24.0972,24.6714,24.6117,26.1961,0.0000,25.1573,24.3095,25.7309,25.9447,24.6231,24.6023,25.9608,24.9373,24.8130,24.3630,22.5627,25.1197,22.6013,23.7067,24.7907,25.5847,26.8919,26.9684,27.0904,25.2129,23.9426,26.2252,26.1594,26.3251,22.9380,26.3115,23.8560,24.3320,24.3765,26.2402,26.7972,24.0890,26.7734,26.9361,26.9447,26.8370,26.5867,26.9316,26.8245,26.9562,26.9467,26.9106,26.5262,24.8093,24.4971,24.6118,0.0000,24.9589,24.7165,24.9589,24.4954,24.5570,24.6993,24.9639,25.0769,27.1313,24.6919,25.0167,25.1287,25.0359,24.8971,24.7128,25.8006,24.3645,24.8970,24.2518,25.2637,0.0000,0.0000,0.0000
16.0000,25.4749,24.6229,24.6555,24.3281,23.8331,23.9858,23.8680,25.1510,24.7560,25.9188,25.4018,25.8308,24.8534,24.7428,23.9690,23.8689,24.9359,24.9167,24.9083,24.3293,24.0997,23.5251,23.7733,24.2143,24.0702,24.4253,24.4840,24.8719,27.0896,24.6028,24.7170,24.7696,27.2706,25.3493,25.3050,25.6720,24.7121,24.8909,24.7337,25.5177,26.3609,24.4258,25.4605,26.4368,27.6299,24.4942,26.3542,26.2818,23.5517,25.7785,25.3559,25.2911,26.4026,25.8164,25.9675,25.4035,24.8783,25.8664,24.1745,25.1209,25.9594,25.9930,25.8456,25.8995,25.8750,25.8483,25.8645,26.4749,26.0760,26.1344,26.5800,26.2502,25.4090,25.9641,24.8373,24.3706,24.7579,27.1114,26.0013,24.7749,24.4311,25.0247,24.7180,24.7416,24.7806,24.8146,24.8178,24.7946,24.7811,25.3225,24.8196,24.7280,24.7392,24.5823,24.4952,24.6762,24.8913,24.9006,0.0000,25.3934,25.6246,24.7758,24.3000,25.2061,24.9391,24.9678,25.5163,25.7723,25.9007,24.4733,24.8862,26.4071,25.9288,24.9894,23.8511,23.2801,24.6821,25.0882,24.6886,25.3938,26.1759,24.7826,24.8058,24.5468,24.3639,24.7300,25.9050,25.7079,24.1996,24.2056,24.5448,23.8073,23.3644,25.0989,24.7480,24.6985,24.7719,24.8268,24.8505,24.5817,23.5131,23.7142,24.4416,24.3289,26.1728,24.1137,24.1868,23.9179,25.6897,25.8351,25.9268,26.0284,25.6400,24.6893,25.0984,23.4611,24.2748,24.0960,24.6820,24.6320,25.7924,0.0000,24.9876,24.3306,25.3874,25.5907,24.6437,24.6212,26.0261,24.9556,24.8235,24.0954,22.3476,24.9390,22.3842,23.5734,24.8218,25.6510,26.9056,26.9490,27.2530,25.1658,23.9583,25.8508,25.7890,25.9248,22.7478,25.9053,23.8917,24.3861,24.4259,26.2974,26.8193,24.1313,26.3182,26.5075,26.5158,26.4023,26.1181,26.5031,26.3807,26.5131,26.5179,26.4876,26.0738,24.8196,24.4955,24.6321,0.0000,24.8345,24.7427,24.8345,24.5098,24.5690,24.7056,24.9226,24.9132,27.2890,24.7168,24.8321,24.9376,24.8456,24.7620,24.7373,24.9054,24.3436,24.7619,24.2876,24.9190,0.0000,0.0000,0.0000
17.0000,25.2924,24.5976,24.6331,24.2849,23.7862,23.9411,23.8633,25.0626,24.7541,25.8409,25.3171,25.7445,24.7902,24.5938,23.9633,23.8490,24.9289,24.9037,24.9639,24.3353,24.0643,23.5190,23.7544,24.1796,24.0183,24.4132,24.4633,24.7850,27.0623,24.5757,24.6874,24.7440,27.2461,25.1642,25.1136,25.5909,24.7024,24.7941,24.6539,25.3374,26.2267,24.3503,25.3721,26.3067,27.6113,24.4998,26.3003,26.2332,23.5426,25.7450,25.3265,25.3084,26.3641,25.7169,25.9655,25.4267,24.8601,25.8318,24.1710,24.6600,25.9040,25.9380,25.8058,25.8583,25.8367,25.8018,25.8111,26.4122,26.0078,26.0564,26.5388,26.1887,25.1300,25.9086,24.8156,24.3316,24.7402,27.0864,25.9274,24.6883,24.3964,25.0144,24.7107,24.7618,24.7695,24.8415,24.8019,24.7820,24.8059,25.2168,24.7254,24.6475,24.6493,24.4657,24.4057,24.6008,24.8021,24.8097,0.0000,25.3115,25.5456,25.6605,24.2683,25.0639,25.0042,25.0640,25.5192,25.7348,25.8466,24.4109,24.7952,26.3677,25.8561,24.8996,23.8710,23.2800,24.6931,25.0322,24.6902,25.4156,26.1129,24.7102,24.7344,24.5167,24.3641,24.6086,25.8258,25.6768,24.1954,24.2014,24.5158,23.8073,23.3141,25.0016,24.7199,24.5658,25.0174,24.7620,24.7935,24.5899,23.4680,23.6694,24.3805,24.2809,26.1095,24.0799,24.2280,23.9374,25.6663,25.7908,25.7129,25.7129,25.4789,24.6603,25.0328,23.4331,24.2940,24.0987,24.5933,24.5789,25.7458,0.0000,25.0552,24.2874,25.3572,25.5576,24.5904,24.5616,25.9518,24.8743,24.7298,24.0841,22.3476,24.9964,22.3836,23.6182,24.7382,25.1917,27.0055,26.7235,27.2281,25.0660,23.9320,25.8134,25.7521,25.8768,22.7537,25.8588,23.8881,24.3754,24.4138,0.0000,27.0219,24.0779,26.2702,26.4528,26.4610,26.3471,26.0374,26.4483,26.3178,26.4500,26.4631,26.4395,26.0003,24.7254,24.4060,24.5790,0.0000,24.8308,24.7187,24.8308,24.4414,24.4907,24.6060,24.9091,24.9502,27.2612,24.6872,24.8861,25.0026,24.8944,24.6634,24.6322,24.4896,24.3349,24.6637,24.2250,24.8868,0.0000,0.0000,0.0000
18.0000,25.3820,24.6445,24.6829,24.3095,23.7872,23.9870,23.9030,25.1526,24.7724,25.9335,25.3840,25.8274,24.8346,24.6340,23.9735,23.8680,24.9109,24.9023,24.8913,24.3834,24.0967,23.5431,23.7817,24.2086,24.0687,24.4756,24.5288,24.8367,27.1938,24.6210,24.7251,24.7867,27.3853,25.2500,25.1963,25.6672,24.7121,24.8581,24.6822,25.4290,26.3556,24.4224,25.4403,26.4390,27.7590,24.5136,26.2268,26.1674,23.5534,25.6947,25.2764,25.3331,26.3372,25.6307,25.9578,25.4564,24.8611,25.7751,24.1776,24.4516,25.8258,25.8627,25.7458,25.7982,25.8367,25.7313,25.7418,26.3472,25.9115,25.9457,26.4838,26.0788,24.9762,25.8305,24.8128,24.3719,24.7739,27.2193,26.0157,24.7501,24.4308,25.0125,24.7208,24.7745,24.7874,24.8618,24.8316,24.8104,24.8223,25.3083,24.7699,24.6792,24.6852,24.5027,24.4438,24.6726,24.8764,24.8591,0.0000,25.3770,25.6200,25.7214,24.2999,25.1485,24.9408,25.0057,25.4484,25.6600,25.7678,24.4387,24.8427,26.3103,25.9417,24.9524,23.9057,23.3066,24.7184,25.1150,24.7174,25.4459,26.0314,24.7442,24.7677,24.5611,24.3743,24.6440,25.9168,25.6021,24.2018,24.2078,24.5560,23.8073,23.3630,25.0837,24.7588,24.6039,25.0447,24.7976,24.8296,24.6066,23.5142,23.7153,24.4048,24.2922,26.0271,24.0951,24.2094,23.9315,25.5961,25.7202,25.8378,25.8378,25.5880,24.6998,25.0935,23.4415,24.3113,24.1120,24.6278,24.6105,25.6674,0.0000,24.9680,24.3119,25.3064,25.5043,24.6228,24.5909,26.0421,24.9270,24.7745,24.0551,22.3476,24.9200,22.3822,23.6994,24.7872,25.2827,27.2228,26.9232,27.3674,25.1507,23.9523,25.7551,25.6945,25.8077,22.7822,25.8145,23.9281,24.4278,24.4760,0.0000,27.2408,24.1273,26.2092,26.3783,26.3861,26.2637,25.9420,26.3739,26.2466,26.3877,26.3884,26.3672,25.9175,24.7699,24.4441,24.6107,0.0000,24.7795,24.7533,24.7795,24.4688,24.5196,24.6442,24.9005,24.8844,27.3992,24.7249,24.8099,24.9391,24.8149,24.5894,24.6648,24.2866,24.3406,24.5898,24.2789,24.8349,0.0000,0.0000,0.0000
19.0000,25.5314,24.7939,24.8356,24.4213,23.8875,24.0916,24.0056,25.3003,24.8853,26.0898,25.5265,25.9733,24.9611,24.6785,24.0186,23.9258,24.9624,24.9743,24.8466,24.5186,24.1990,23.6432,23.8811,24.3099,24.1771,24.5924,24.6458,24.9235,27.3880,24.7688,24.8559,24.9196,27.5882,25.3938,25.3377,25.8148,24.8178,24.9756,24.7953,25.5805,26.5498,24.5559,25.5853,26.6370,27.9754,24.5306,26.1584,26.1012,23.5856,25.6505,25.2320,25.3589,26.3227,25.5766,25.9510,25.4867,24.9601,25.7252,24.1884,24.3957,25.7641,25.8017,25.6933,25.7447,25.8367,25.6791,25.6918,26.2868,25.8427,25.8720,26.4409,25.9815,24.9062,25.7688,24.8138,24.5242,24.8773,27.4143,26.1728,24.8630,24.5239,25.0797,24.8268,24.8834,24.9011,24.9791,24.9556,24.9328,24.9356,25.4555,24.9046,24.7965,24.8099,24.6330,24.5817,24.8029,25.0076,24.9549,0.0000,25.5185,25.7668,25.8818,24.4030,25.2910,24.8983,24.9688,25.4004,25.6059,25.7068,24.5383,24.9802,26.2657,26.0969,25.0931,24.0147,23.4194,24.8679,25.2561,24.8343,25.4757,25.9628,24.8642,24.8865,24.7115,24.3880,24.7201,26.0715,25.5510,24.2122,24.2183,24.6941,23.8073,23.4682,25.2223,24.8913,24.6831,25.1687,24.9198,24.9524,24.6261,23.6007,23.8120,24.5227,24.4096,25.9578,24.2062,24.1996,23.9383,25.5468,25.6679,26.0107,26.0107,25.7487,24.8347,25.2464,23.4597,24.3752,24.1638,24.7523,24.7290,25.6139,0.0000,24.9186,24.4239,25.2618,25.4589,24.7417,24.7057,26.1998,25.0713,24.9095,24.0355,22.3476,24.8727,22.3812,23.7679,24.8615,25.4227,27.4520,27.1482,27.5698,25.2918,24.0163,25.7040,25.6444,25.7492,22.8077,25.7827,24.0327,24.5409,24.5926,0.0000,27.4712,24.2370,26.1492,26.3095,26.3174,26.1949,25.8598,26.3051,26.1842,26.3272,26.3196,26.2990,25.8498,24.9046,24.5820,24.7291,0.0000,24.7856,24.8813,24.7855,24.5886,24.6409,24.7731,24.9870,24.8571,27.5991,24.8557,24.7608,24.8965,24.7631,24.5723,24.7527,24.2226,24.3962,24.5728,24.3887,24.7906,0.0000,0.0000,0.0000
20.0000,25.5862,24.8547,24.8991,24.4585,23.9172,24.1398,24.0561,25.3423,24.9243,26.1358,25.5517,26.0092,25.0005,24.5415,24.0379,23.9489,24.9874,25.0143,24.8230,24.5856,24.2381,23.6756,23.9154,24.3473,24.2272,24.6492,24.7020,24.8667,27.4702,24.8285,24.9051,24.9775,27.6762,25.4402,25.3848,25.8455,24.8528,25.0023,24.8118,25.6372,26.6453,24.5884,25.6091,26.7360,28.0723,24.5496,26.1233,26.0644,23.6091,25.6421,25.2231,25.3879,26.3293,25.5552,25.9604,25.5183,25.0178,25.7114,24.2034,24.3388,25.7376,25.7737,25.6774,25.7280,25.8367,25.6622,25.6750,26.2519,25.8194,25.8521,26.4307,25.9749,24.8659,25.7425,24.8234,24.5850,24.9308,27.4979,26.2166,24.8751,24.5682,25.1200,24.8621,24.9222,24.9424,25.0245,24.9984,24.9758,24.9780,25.4950,24.9324,24.8157,24.8389,24.6589,24.6201,24.8364,25.0347,24.9064,0.0000,25.5463,25.7981,25.9551,24.4423,25.3465,24.8780,24.9545,25.3848,25.5867,25.6816,24.5586,25.0096,26.2545,26.1383,25.1210,24.0706,23.4581,24.9254,25.3300,24.8721,25.5061,25.9288,24.8863,24.9038,24.7724,24.4049,24.6536,26.1159,25.5361,24.2271,24.2332,24.7520,23.8073,23.5410,25.2550,24.9417,24.6231,25.2171,24.9452,24.9799,24.6460,23.6480,23.8597,24.5537,24.4405,25.9237,24.2430,24.1969,23.9456,25.5304,25.6508,26.0632,26.0632,25.7951,24.8864,25.2804,23.6657,24.2692,24.1500,24.7837,24.7661,25.5991,0.0000,24.8968,24.4611,25.2524,25.4481,24.7791,24.7432,26.2447,25.1000,24.9373,24.0326,22.3476,24.8516,22.3811,23.8360,24.7814,25.4672,27.5739,27.2539,27.6575,25.3265,24.0390,25.6892,25.6302,25.7284,22.8297,25.7728,24.0845,24.6085,24.6498,0.0000,27.5938,24.2890,26.1083,26.2734,26.2814,26.1622,25.8162,26.2690,26.1505,26.2931,26.2836,26.2627,25.8174,24.9324,24.6204,24.7663,0.0000,24.7791,24.9284,24.7791,24.6194,24.6735,24.8015,25.0427,24.8388,27.6849,24.9049,24.7289,24.8761,24.7319,24.5432,24.7128,24.1828,24.4236,24.5437,24.4272,24.7802,0.0000,0.0000,0.0000
21.0000,25.6137,24.8775,24.9242,24.4696,23.9235,24.1537,24.0716,25.3870,24.9463,26.1777,25.5793,26.0375,25.0174,24.5649,24.0581,23.9613,25.0217,25.0666,24.8010,24.6027,24.2518,23.7070,23.9409,24.3563,24.2416,24.6520,24.7023,24.8939,27.5595,24.8500,24.9259,25.0019,27.7678,25.4590,25.4062,25.8781,24.8736,25.0245,24.8246,25.6663,26.7057,24.6194,25.6373,26.7992,28.1609,24.5747,26.1352,26.0769,23.6162,25.6524,25.2351,25.4277,26.3371,25.5611,25.9899,25.5621,25.0685,25.7230,24.2240,24.3367,25.7513,25.7888,25.6879,25.7385,25.8367,25.6742,25.6862,26.2593,25.8311,25.8623,26.4430,25.9765,24.8523,25.7563,24.8372,24.6004,24.9833,27.5893,26.2614,24.8995,24.5810,25.1976,24.8833,24.9446,24.9650,25.0499,25.0226,24.9994,25.0021,25.5373,24.9403,24.8265,24.8512,24.6589,24.6257,24.8687,25.0665,24.9363,0.0000,25.5745,25.8312,26.0142,24.4479,25.3411,24.8658,24.9507,25.3907,25.5983,25.6945,24.5700,25.0197,26.2669,26.1808,25.1315,24.0923,23.4900,24.9391,25.2763,24.8881,25.5484,25.9389,24.8994,24.9148,24.7920,24.4277,24.6734,26.1557,25.5463,24.2475,24.2536,24.7803,23.8073,23.5549,25.2903,24.9637,24.6473,25.2500,24.9618,24.9985,24.6718,23.6627,23.8739,24.5628,24.4495,25.9326,24.2540,24.1972,23.9485,25.5410,25.6625,26.1276,26.1276,25.8491,24.9074,25.2896,23.6759,24.2968,24.1741,24.7950,24.7789,25.6095,0.0000,24.8745,24.4722,25.2644,25.4600,24.7922,24.7571,26.2880,25.1070,24.9454,24.0503,22.3476,24.8273,22.3819,23.9029,24.8076,25.4866,27.6953,27.3659,27.7493,25.3634,24.0512,25.7003,25.6413,25.7368,22.8499,25.7817,24.1005,24.6175,24.6528,0.0000,27.7155,24.3053,26.1363,26.2864,26.2943,26.1691,25.8194,26.2820,26.1587,26.3005,26.2965,26.2781,25.8312,24.9403,24.6260,24.7791,0.0000,24.7780,24.9501,24.7779,24.6289,24.6849,24.8094,25.0999,24.8244,27.7770,24.9257,24.6972,24.8635,24.7026,24.5162,24.7295,24.1754,24.4564,24.5168,24.4446,24.7917,0.0000,0.0000,0.0000
22.0000,25.6156,24.8807,24.9286,24.4667,23.9170,24.1358,24.0552,25.2930,24.9520,26.0338,25.4970,25.9035,25.0201,24.5315,23.9988,23.9269,24.9276,24.9731,24.7655,24.5969,24.2413,23.6980,23.9318,24.3475,24.2202,24.6277,24.6780,24.8401,27.0119,24.8523,24.9303,25.0078,27.0348,25.4496,25.3973,25.7753,24.8783,24.9907,24.8212,25.6710,26.7673,24.5526,25.5556,26.8660,27.4270,24.5560,26.1328,26.0724,23.5692,25.6516,25.2324,25.4136,26.3339,25.5506,25.9815,25.5498,24.9826,25.7229,24.2015,24.3249,25.7469,25.7850,25.6871,25.7383,25.8367,25.6653,25.6778,26.2613,25.8329,25.8684,26.4388,25.9915,24.8324,25.7519,24.8115,24.5955,24.9322,27.0432,26.0675,24.8566,24.5816,25.0790,24.8882,24.9525,24.9718,25.0597,25.0278,25.0053,25.0111,25.4602,24.9412,24.8227,24.8445,24.6589,24.6240,24.8035,25.0043,24.8628,0.0000,25.4935,25.7247,26.0533,24.4427,25.3312,24.8347,24.9243,25.3752,25.5877,25.6893,24.5571,25.0224,26.2617,26.0053,25.1368,24.0772,23.4764,24.9473,25.2649,24.8904,25.5362,25.9360,24.8981,24.9134,24.7922,24.4073,24.6498,26.0134,25.5334,24.2250,24.2310,24.7635,23.8073,23.5341,25.2218,24.9692,24.6101,25.2666,24.9628,25.0018,24.6552,23.6455,23.8564,24.5577,24.4444,25.9291,24.2513,24.1834,23.9233,25.5273,25.6534,26.0683,26.0683,25.7813,24.9113,25.3008,23.6396,24.2311,24.1136,24.7908,24.7795,25.5994,0.0000,24.8674,24.4694,25.2617,25.4572,24.7928,24.7555,26.1153,25.1131,24.9464,24.0437,22.3476,24.7998,22.3816,23.9413,24.7598,25.4809,27.6723,27.3396,27.0357,25.2925,24.0199,25.6999,25.6401,25.7360,22.8635,25.7771,24.0845,24.6044,24.6288,0.0000,27.6940,24.2838,26.1330,26.2847,26.2927,26.1704,25.8135,26.2804,26.1597,26.3025,26.2949,26.2749,25.8302,24.9412,24.6243,24.7797,0.0000,24.6770,24.9550,24.6770,24.6240,24.6801,24.8067,24.9954,24.7677,27.1212,24.9301,24.6548,24.8318,24.6605,24.3818,24.7150,24.1647,24.3837,24.3825,24.4167,24.7890,0.0000,0.0000,0.0000
23.0000,25.5641,24.8521,24.8988,24.4592,23.9110,23.9804,23.9030,25.2485,24.9605,26.0244,25.5057,25.8920,25.0334,24.7126,23.9859,23.9270,24.8849,24.9392,24.7291,24.5883,24.1784,23.6046,23.8478,24.3238,24.0774,24.4799,24.5317,24.9195,27.0380,24.8236,24.9246,25.0010,27.0625,25.4058,25.3422,25.7855,24.8895,24.9260,24.8411,25.6205,26.7372,24.5333,25.5626,26.8378,27.4615,24.5441,26.1566,26.0852,23.5621,25.6634,25.2473,25.4045,26.3366,25.5740,25.9853,25.5405,24.9510,25.7453,24.1893,24.4119,25.7750,25.8113,25.7100,25.7619,25.8367,25.6795,25.6932,26.2850,25.8891,25.9459,26.4499,26.0589,24.8883,25.7799,24.7972,24.5453,24.8789,27.0701,26.0754,24.8203,24.6008,25.0469,24.8995,24.9613,24.9789,25.0662,25.0313,25.0094,25.0188,25.4254,24.9457,24.8375,24.8461,24.6589,24.6062,24.7755,24.9757,24.9362,0.0000,25.5015,25.7337,26.0697,24.4447,25.2697,24.8119,24.9122,25.3814,25.6078,25.7176,24.5675,25.0278,26.2747,26.0130,25.1444,23.9183,23.3709,24.9713,25.1678,24.8944,25.5279,25.9662,24.9129,24.9313,24.7553,24.3953,24.7626,26.0037,25.5474,24.2127,24.2188,24.7094,23.8073,23.3714,25.1906,24.9644,24.7390,25.2785,24.9776,25.0179,24.6434,23.5096,23.7096,24.4909,24.2903,25.9587,24.2442,24.1801,23.9190,25.5417,25.6674,26.0451,26.0451,25.7526,24.9000,25.3107,23.6266,24.2234,24.1027,24.7863,24.7813,25.6137,0.0000,24.8067,24.4623,25.2768,25.4735,24.7953,24.7581,26.1145,25.1210,24.9510,24.0517,22.3476,24.7595,22.3820,23.9745,24.8690,25.4359,27.6848,27.3477,27.0628,25.2604,24.0215,25.7224,25.6613,25.7630,22.8745,25.7887,23.9333,24.4501,24.4809,0.0000,27.7065,24.1413,26.1554,26.3108,26.3188,26.1985,25.8507,26.3064,26.1848,26.3239,26.3210,26.3008,25.8656,24.9457,24.6065,24.7815,0.0000,24.6123,24.9526,24.6122,24.5765,24.6392,24.8082,24.9689,24.7225,27.1484,24.9244,24.6122,24.8084,24.6171,24.2841,24.7942,24.2520,24.3626,24.2848,24.3064,24.8048,0.0000,0.0000,0.0000
24.0000,25.5845,24.8585,24.9056,24.4623,23.9112,23.9783,23.9007,25.2653,24.9685,26.0311,25.5086,25.8855,25.0383,24.7145,23.9868,23.9314,24.8745,24.9446,24.7014,24.6083,24.1787,23.6039,23.8485,24.3250,24.0754,24.4721,24.5218,24.9218,27.0481,24.8297,24.9318,25.0101,27.0740,25.4258,25.3590,25.7881,24.8971,24.9322,24.8453,25.6418,26.7757,24.5446,25.5651,26.8778,27.4779,24.5563,26.1998,26.1221,23.5610,25.6825,25.2672,25.4237,26.3369,25.5955,26.0060,25.5620,24.9719,25.7697,24.2007,24.4537,25.8076,25.8435,25.7364,25.7892,25.8367,25.6985,25.7121,26.3321,25.9407,26.0109,26.4679,26.1420,24.9187,25.8122,24.8070,24.5496,24.8950,27.0803,26.0796,24.8258,24.6050,25.0499,24.9072,24.9696,24.9873,25.0761,25.0399,25.0176,25.0280,25.4418,24.9490,24.8410,24.8498,24.6589,24.6078,24.7892,24.9875,24.9340,0.0000,25.5048,25.7368,26.1010,24.4460,25.2853,24.7925,24.9046,25.3918,25.6318,25.7492,24.5712,25.0321,26.2935,26.0170,25.1504,23.9228,23.3615,24.9750,25.1747,24.9000,25.5497,26.0066,24.9174,24.9359,24.7609,24.4071,24.7667,26.0083,25.5656,24.2241,24.2302,24.7180,23.8073,23.3695,25.2045,24.9721,24.7479,25.2933,24.9827,25.0231,24.6551,23.5080,23.7078,24.4931,24.2925,25.9990,24.2474,24.1783,23.9176,25.5607,25.6863,26.0824,26.0824,25.7800,24.9069,25.3151,23.6073,24.2398,24.1085,24.7897,24.7856,25.6320,0.0000,24.7773,24.4655,25.2969,25.4944,24.7997,24.7617,26.1178,25.1242,24.9543,24.0551,22.3476,24.7317,22.3822,23.9973,24.8714,25.4567,27.7743,27.4272,27.0739,25.2750,24.0258,25.7476,25.6859,25.7934,22.8844,25.8023,23.9301,24.4276,24.4726,0.0000,27.7982,24.1384,26.1895,26.3563,26.3643,26.2416,25.8960,26.3519,26.2300,26.3735,26.3665,26.3449,25.9079,24.9490,24.6081,24.7858,0.0000,24.5735,24.9601,24.5734,24.5790,24.6426,24.8107,24.9935,24.6910,27.1606,24.9315,24.5756,24.7881,24.5806,24.2138,24.7975,24.2930,24.3652,24.2146,24.3067,24.8252,0.0000,0.0000,0.0000
25.0000,25.5768,24.8593,24.9084,24.4478,23.8364,23.9628,23.8879,25.2676,24.9712,26.0318,25.5085,25.8762,25.0303,24.7100,23.9726,23.9290,24.8205,24.9079,24.6203,24.6211,24.1662,23.5905,23.8339,24.3152,24.0598,24.4524,24.5010,24.9123,27.0905,24.8300,24.9328,25.0176,27.1155,25.4175,25.3499,25.7873,24.8998,24.9215,24.8465,25.6344,26.7745,24.5378,25.5650,26.8771,27.5209,24.5221,26.1637,26.0875,23.5552,25.6408,25.2259,25.3877,26.3155,25.5568,25.9687,25.5230,24.9240,25.7280,24.1703,24.4068,25.7699,25.8065,25.6949,25.7469,25.8367,25.6573,25.6734,26.2850,25.8998,25.9673,26.4296,26.0869,24.8812,25.7745,24.7782,24.5470,24.8708,27.1246,26.0879,24.8161,24.6027,25.0256,24.9099,24.9729,24.9903,25.0804,25.0430,25.0206,25.0319,25.4420,24.9536,24.8422,24.8502,24.6589,24.6068,24.7855,24.9832,24.9207,0.0000,25.5049,25.7373,26.1182,24.4383,25.2757,24.7260,24.8503,25.3438,25.5907,25.7108,24.5714,25.0376,26.2538,26.0236,25.1587,23.9146,23.3549,24.9241,25.1625,24.8993,25.5092,25.9695,24.9195,24.9391,24.7601,24.3748,24.7634,26.0073,25.5208,24.1937,24.1997,24.7104,23.8073,23.3544,25.2024,24.9732,24.7391,25.3003,24.9860,25.0275,24.6190,23.4896,23.6911,24.4901,24.2895,25.9619,24.2329,24.1601,23.9056,25.5188,25.6448,26.0816,26.0817,25.7797,24.9078,25.3298,23.6015,24.2255,24.0946,24.7894,24.7832,25.5858,0.0000,24.6947,24.4510,25.2557,25.4536,24.7971,24.7584,26.1217,25.1347,24.9590,24.0146,22.3476,24.6475,22.3802,24.0076,24.8629,25.4507,27.7712,27.4289,27.1150,25.2737,24.0238,25.7060,25.6444,25.7535,22.8857,25.7771,23.9173,24.4035,24.4527,0.0000,27.7938,24.1212,26.1589,26.3200,26.3278,26.2043,25.8623,26.3156,26.1865,26.3262,26.3300,26.3085,25.8732,24.9536,24.6071,24.7834,0.0000,24.4870,24.9618,24.4869,24.5767,24.6412,24.8115,24.9353,24.6066,27.2026,24.9326,24.4848,24.7209,24.4919,24.0953,24.7967,24.2467,24.3423,24.0962,24.2929,24.7855,0.0000,0.0000,0.0000
26.0000,25.5640,24.8634,24.9141,24.4396,23.7862,23.9557,23.8785,25.2523,24.9744,25.9982,25.4925,25.8362,25.0278,24.7028,23.9698,23.9350,24.7914,24.8963,24.5544,24.6358,24.1642,23.5963,23.8385,24.3122,24.0517,24.4410,24.4904,24.9011,27.0548,24.8337,24.9357,25.0246,27.0761,25.4036,25.3370,25.7634,24.9030,24.9101,24.8476,25.6217,26.7637,24.5316,25.5491,26.8665,27.4788,24.4763,26.1008,26.0248,23.5540,25.6000,25.1881,25.3296,26.2981,25.5099,25.9149,25.4614,24.9379,25.6795,24.1308,24.3555,25.7153,25.7512,25.6467,25.6979,25.8367,25.6065,25.6248,26.2409,25.8431,25.9098,26.3862,26.0235,24.8424,25.7198,24.7466,24.5494,24.8686,27.0890,26.0595,24.8053,24.6018,25.0020,24.9133,24.9773,24.9930,25.0847,25.0467,25.0241,25.0363,25.4252,24.9537,24.8430,24.8496,24.6589,24.6077,24.7770,24.9721,24.9085,0.0000,25.4888,25.7154,26.1594,24.4363,25.2615,24.6666,24.7986,25.2899,25.5376,25.6568,24.5737,25.0376,26.2090,25.9964,25.1585,23.9009,23.3514,24.9007,25.1474,24.8997,25.4470,25.9140,24.9217,24.9434,24.7635,24.3322,24.7633,25.9728,25.4667,24.1543,24.1604,24.7110,23.8073,23.3465,25.1887,24.9765,24.7524,25.3145,24.9888,25.0307,24.5711,23.4852,23.6852,24.4888,24.2883,25.9066,24.2247,24.1431,23.8960,25.4676,25.5938,26.0637,26.0637,25.7624,24.9108,25.3293,23.5931,24.2325,24.0956,24.7890,24.7823,25.5301,0.0000,24.6014,24.4426,25.2173,25.4117,24.7960,24.7586,26.0846,25.1351,24.9591,24.0105,22.3476,24.5797,22.3800,23.9706,24.8526,25.4344,27.7407,27.3995,27.0755,25.2590,24.0293,25.6578,25.5978,25.7018,22.8641,25.7440,23.9073,24.3901,24.4412,0.0000,27.7631,24.1142,26.0921,26.2557,26.2637,26.1428,25.8081,26.2513,26.1405,26.2820,26.2658,26.2407,25.8163,24.9537,24.6080,24.7825,0.0000,24.4229,24.9649,24.4229,24.5755,24.6406,24.8112,24.9515,24.5413,27.1640,24.9354,24.4127,24.6608,24.4205,23.9989,24.7947,24.1965,24.3361,23.9999,24.2840,24.7447,0.0000,0.0000,0.0000
27.0000,25.5562,24.8618,24.9110,24.4497,23.8386,23.9626,23.8885,25.2476,24.9764,25.9804,25.4867,25.8148,25.0286,24.6996,23.9626,23.9335,24.7569,24.8724,24.4955,24.6244,24.1688,23.5980,23.8404,24.3170,24.0582,24.4499,24.4984,24.8983,27.0166,24.8324,24.9363,25.0215,27.0378,25.3969,25.3317,25.7509,24.9045,24.9083,24.8469,25.6132,26.7413,24.5320,25.5448,26.8429,27.4379,24.4474,25.9779,25.8953,23.5550,25.5573,25.1360,25.2958,26.2760,25.4518,25.8664,25.4264,24.8971,25.6111,24.1011,24.3035,25.6292,25.6607,25.5769,25.6263,25.8367,25.5397,25.5616,26.1293,25.7659,25.8434,26.3301,25.9570,24.8053,25.6338,24.7168,24.5467,24.8686,27.0496,26.0409,24.8045,24.6047,24.9900,24.9148,24.9789,24.9956,25.0878,25.0487,25.0260,25.0387,25.4142,24.9526,24.8420,24.8490,24.6589,24.6067,24.7772,24.9707,24.9046,0.0000,25.4818,25.7040,26.1616,24.4402,25.2580,24.6073,24.7429,25.2240,25.4632,25.5738,24.5726,25.0367,26.1509,25.9792,25.1577,23.9165,23.3580,24.9192,25.1500,24.9024,25.4125,25.8116,24.9196,24.9386,24.7618,24.3030,24.7591,25.9544,25.3970,24.1247,24.1307,24.7095,23.8073,23.3528,25.1829,24.9770,24.7399,25.3165,24.9872,25.0294,24.5436,23.4917,23.6919,24.4902,24.2897,25.8043,24.2348,24.1248,23.8864,25.3990,25.5268,26.0419,26.0419,25.7456,24.9110,25.3236,23.6239,24.2023,24.0820,24.7891,24.7852,25.4599,0.0000,24.5855,24.4528,25.1643,25.3543,24.7989,24.7602,26.0654,25.1314,24.9580,23.9775,22.3476,24.5254,22.3784,23.9452,24.8496,25.4221,27.7044,27.3603,27.0375,25.2517,24.0278,25.5889,25.5313,25.6236,22.8556,25.7010,23.9182,24.4073,24.4504,0.0000,27.7269,24.1225,25.9662,26.1301,26.1383,26.0281,25.7035,26.1260,26.0311,26.1703,26.1404,26.1060,25.7169,24.9526,24.6070,24.7854,0.0000,24.3723,24.9659,24.3723,24.5766,24.6412,24.8109,24.9009,24.4850,27.1269,24.9360,24.3485,24.6010,24.3563,23.9365,24.7931,24.1478,24.3223,23.9375,24.2883,24.6888,0.0000,0.0000,0.0000
28.0000,25.5262,24.8563,24.9050,24.4463,23.8382,23.9562,23.8801,25.2045,24.9717,25.9339,25.4530,25.7703,25.0256,24.6857,23.9518,23.9237,24.7315,24.8457,24.4779,24.6120,24.1647,23.5971,23.8379,24.3128,24.0509,24.4504,24.5008,24.8767,26.9852,24.8271,24.9315,25.0152,27.0067,25.3646,25.3044,25.7156,24.8998,24.8924,24.8426,25.5824,26.6947,24.4978,25.5060,26.7948,27.4060,24.4766,26.0592,25.9819,23.5491,25.5857,25.1710,25.3286,26.2926,25.4874,25.9022,25.4610,24.8760,25.6566,24.1240,24.3654,25.6719,25.7062,25.6205,25.6716,25.8367,25.5712,25.5921,26.1836,25.8026,25.8720,26.3621,25.9948,24.8595,25.6768,24.7357,24.5427,24.8482,27.0184,26.0059,24.7847,24.6013,24.9503,24.9101,24.9745,24.9910,25.0830,25.0434,25.0210,25.0341,25.3740,24.9478,24.8380,24.8434,24.6589,24.6052,24.7477,24.9379,24.8801,0.0000,25.4510,25.6697,26.1494,24.4357,25.2296,24.6006,24.7460,25.2468,25.4977,25.6143,24.5669,25.0310,26.1840,25.9440,25.1527,23.8984,23.3613,24.9213,25.1290,24.8985,25.4484,25.8668,24.9158,24.9357,24.7570,24.3293,24.7483,25.9082,25.4279,24.1476,24.1537,24.6990,23.8073,23.3457,25.1470,24.9723,24.7245,25.3099,24.9831,25.0254,24.5762,23.4858,23.6857,24.4867,24.2869,25.8599,24.2314,24.1264,23.8851,25.4291,25.5580,25.9980,25.9980,25.7035,24.9061,25.3104,23.6037,24.1973,24.0720,24.7846,24.7819,25.4922,0.0000,24.5324,24.4494,25.1996,25.3912,24.7955,24.7576,26.0303,25.1228,24.9531,23.9907,22.3476,24.5034,22.3790,23.9538,24.8301,25.3953,27.6505,27.3077,27.0069,25.2147,24.0187,25.6334,25.5738,25.6675,22.8539,25.7212,23.9105,24.4195,24.4514,0.0000,27.6732,24.1132,26.0344,26.2142,26.2223,26.0965,25.7572,26.2098,26.0853,26.2247,26.2245,26.2002,25.7724,24.9478,24.6055,24.7821,0.0000,24.3520,24.9610,24.3520,24.5729,24.6370,24.8072,24.8769,24.4673,27.0955,24.9312,24.3251,24.5937,24.3332,23.9194,24.7852,24.2018,24.3053,23.9205,24.2772,24.7247,0.0000,0.0000,0.0000
29.0000,25.5544,24.8457,24.8935,24.4283,23.8150,23.9710,23.8939,25.1966,24.9587,25.9098,25.4473,25.7520,24.9980,24.8193,23.9564,23.9206,24.7358,24.8633,24.4416,24.6015,24.1595,23.5907,23.8327,24.3008,24.0699,24.4727,24.5227,24.9573,26.9121,24.8171,24.9159,24.9993,26.9315,25.3916,25.3324,25.7005,24.8902,24.9239,24.8481,25.6107,26.7245,24.5102,25.5013,26.8248,27.3294,24.4674,26.0323,25.9571,23.5500,25.5693,25.1558,25.3050,26.2818,25.4744,25.8773,25.4360,24.9094,25.6393,24.1204,24.4056,25.6487,25.6836,25.6014,25.6521,25.8367,25.5470,25.5702,26.1626,25.7739,25.8395,26.3427,25.9614,24.8814,25.6536,24.7392,24.5403,24.8580,26.9434,25.9756,24.8224,24.5161,24.9703,24.9003,24.9611,24.9764,25.0658,25.0295,25.0072,25.0186,25.3786,24.9477,24.8412,24.8396,24.6589,24.6042,24.7651,24.9582,24.9571,0.0000,25.4429,25.6552,26.1164,24.4185,25.2546,24.5649,24.7171,25.2207,25.4738,25.5908,24.5682,25.0303,26.1641,25.9168,25.1519,23.9147,23.3530,24.8752,25.1500,24.8802,25.4239,25.8428,24.9175,24.9390,24.7496,24.3230,24.8278,25.8849,25.4033,24.1442,24.1503,24.6995,23.8073,23.3642,25.1599,24.9562,24.8175,25.2918,24.9835,25.0253,24.5658,23.4990,23.6998,24.4825,24.2869,25.8359,24.2134,24.1168,23.8803,25.4052,25.5337,25.9961,25.9961,25.7047,24.8918,25.3188,23.6350,24.1775,24.0694,24.7782,24.7609,25.4673,0.0000,24.5150,24.4313,25.1840,25.3742,24.7745,24.7331,25.9989,25.1286,24.9530,23.9843,22.3476,24.4709,22.3787,23.9604,24.9270,25.4199,27.6405,27.3050,26.9316,25.2251,24.0162,25.6153,25.5556,25.6458,22.8625,25.7059,23.9244,24.4427,24.4738,0.0000,27.6611,24.1340,26.0146,26.1863,26.1946,26.0742,25.7328,26.1820,26.0625,26.2029,26.1967,26.1731,25.7475,24.9477,24.6045,24.7611,0.0000,24.3342,24.9460,24.3341,24.5681,24.6313,24.8050,24.9187,24.4350,27.0188,24.9156,24.2827,24.5573,24.2913,23.8895,24.8378,24.2338,24.3150,23.8906,24.3018,24.7082,0.0000,0.0000,0.0000
30.0000,25.5089,24.8310,24.8788,24.4230,23.7862,23.9498,23.8705,25.1788,24.9419,25.8875,25.4270,25.7318,24.9868,24.6667,23.9364,23.8963,24.6800,24.8124,24.4138,24.5944,24.1567,23.6018,23.8401,24.2994,24.0447,24.4436,24.4950,24.8650,26.8975,24.8027,24.9068,24.9958,26.9199,25.3466,25.2892,25.6800,24.8710,24.8841,24.8228,25.5646,26.6664,24.4884,25.4809,26.7656,27.3181,24.4662,26.0393,25.9635,23.5318,25.5766,25.1639,25.3066,26.2890,25.4921,25.8800,25.4353,24.8618,25.6461,24.1154,24.5038,25.6536,25.6892,25.6089,25.6603,25.8367,25.5493,25.5742,26.1652,25.7824,25.8501,26.3476,25.9823,24.9512,25.6585,24.7329,24.5235,24.8130,26.9287,25.9559,24.7759,24.5802,24.9125,24.8810,24.9424,24.9603,25.0484,25.0117,24.9911,25.0004,25.3551,24.9330,24.8197,24.8252,24.6462,24.5900,24.7433,24.9293,24.8648,0.0000,25.4228,25.6348,26.0686,24.4221,25.2126,24.5413,24.7000,25.2156,25.4751,25.5951,24.5458,25.0144,26.1693,25.8970,25.1353,23.8883,23.3573,24.8827,25.1138,24.8743,25.4231,25.8492,24.8948,24.9131,24.7344,24.3202,24.7352,25.8630,25.4027,24.1393,24.1454,24.6706,23.8073,23.3397,25.1333,24.9468,24.7356,25.2649,24.9611,25.0038,24.5669,23.4804,23.6797,24.4771,24.2869,25.8417,24.2081,24.1104,23.8701,25.4045,25.5357,25.9759,25.9759,25.6829,24.8815,25.3038,23.4372,24.2762,24.0798,24.7666,24.7606,25.4680,0.0000,24.4939,24.4259,25.1920,25.3814,24.7738,24.7337,25.9797,25.1141,24.9383,23.9997,22.3476,24.4460,22.3795,23.9613,24.8171,25.3744,27.6429,27.2950,26.9201,25.1994,23.9922,25.6223,25.5629,25.6523,22.8644,25.7078,23.9011,24.4110,24.4446,0.0000,27.6673,24.1083,26.0307,26.1933,26.2015,26.0784,25.7407,26.1889,26.0684,26.2055,26.2036,26.1815,25.7539,24.9330,24.5903,24.7608,0.0000,24.2763,24.9346,24.2763,24.5609,24.6230,24.7908,24.8605,24.4000,27.0070,24.9065,24.2468,24.5329,24.2578,23.8158,24.7657,24.3420,24.2829,23.8169,24.2701,24.7152,0.0000,0.0000,0.0000
31.0000,25.4770,24.8172,24.8637,24.4141,23.8161,23.9301,23.8536,25.1647,24.9252,25.8606,25.4025,25.7066,24.9697,24.6517,23.9478,23.9050,24.7156,24.8579,24.4510,24.5598,24.1381,23.5784,23.8175,24.2833,24.0245,24.4230,24.4742,24.8457,26.8423,24.7892,24.8909,24.9744,26.8712,25.3168,25.2596,25.6559,24.8544,24.8589,24.8075,25.5320,26.6200,24.4633,25.4552,26.7180,27.2649,24.5153,26.1890,26.1122,23.5412,25.6655,25.2481,25.3689,26.3341,25.6487,25.9621,25.5008,24.8999,25.7553,24.1710,24.9700,25.7865,25.8236,25.7198,25.7734,25.8367,25.6664,25.6919,26.3100,25.9223,25.9931,26.4438,26.1422,25.2590,25.7914,24.7919,24.5154,24.8366,26.8713,25.9243,24.7528,24.5662,24.9849,24.8643,24.9247,24.9433,25.0308,24.9946,24.9742,24.9828,25.3349,24.9152,24.8046,24.8102,24.6328,24.5785,24.7172,24.9047,24.8494,0.0000,25.3992,25.6099,26.0471,24.4005,25.1836,24.5872,24.7610,25.3173,25.5980,25.7268,24.5378,24.9952,26.2695,25.8669,25.1123,23.8717,23.3368,24.9211,25.0860,24.8593,25.4896,25.9921,24.8792,24.8968,24.7227,24.3723,24.7235,25.8364,25.5213,24.1948,24.2008,24.6731,23.8073,23.3201,25.1107,24.9311,24.7373,25.2465,24.9451,24.9877,24.6101,23.4608,23.6602,24.4684,24.2869,25.9845,24.1994,24.1334,23.8862,25.5191,25.6522,25.9483,25.9483,25.6588,24.8661,25.2829,23.6364,24.1623,24.0594,24.7526,24.7465,25.5910,0.0000,24.5367,24.4171,25.2778,25.4754,24.7595,24.7197,25.9476,25.0944,24.9204,24.0344,22.3476,24.4848,22.3812,23.9630,24.7984,25.3465,27.6009,27.2569,26.8717,25.1775,23.9985,25.7320,25.6693,25.7745,22.8657,25.7852,23.8842,24.3960,24.4241,0.0000,27.6252,24.0897,26.1775,26.3448,26.3529,26.2321,25.8889,26.3403,26.2114,26.3513,26.3550,26.3339,25.9021,24.9152,24.5788,24.7466,0.0000,24.2991,24.9184,24.2991,24.5506,24.6121,24.7759,24.9094,24.4320,26.9580,24.8906,24.2751,24.5781,24.2889,23.8208,24.7505,24.7995,24.3077,23.8220,24.2491,24.8067,0.0000,0.0000,0.0000
32.0000,25.3878,24.7349,24.7807,24.3381,23.7462,23.8536,23.7773,25.0786,24.8385,25.7587,25.3048,25.6098,24.8893,24.5671,23.9201,23.8682,24.6990,24.8140,24.5771,24.4709,24.0704,23.5173,23.7546,24.2170,23.9465,24.3402,24.3907,24.7599,26.7108,24.7073,24.8061,24.8876,26.7388,25.2280,25.1723,25.5532,24.7680,24.7781,24.7227,25.4424,26.5217,24.3743,25.3576,26.6189,27.1328,24.6535,26.5140,26.4306,23.5152,25.9089,25.4855,25.5155,26.5391,25.9918,26.1626,25.6535,24.8406,26.0314,24.3001,25.8039,26.0975,26.1358,25.9978,26.0550,25.9963,25.9452,25.9744,26.6382,26.2539,26.3384,26.7009,26.4947,25.8320,26.1025,24.9200,24.4377,24.7820,26.7389,25.8168,24.6695,24.4838,24.9259,24.7778,24.8381,24.8562,24.9429,24.9078,24.8874,24.8955,25.2459,24.8302,24.7201,24.7261,24.5506,24.4979,24.6265,24.8160,24.7649,0.0000,25.3018,25.5083,25.9537,24.3352,25.0972,24.7310,24.9216,25.5628,25.8858,26.0361,24.4676,24.9096,26.5311,25.7605,25.0263,23.7945,23.2711,24.8490,25.0039,24.7750,25.6442,26.3169,24.7939,24.8118,24.6420,24.5066,24.6368,25.7353,25.7995,24.3241,24.3302,24.6048,23.8073,23.2444,25.0222,24.8457,24.6431,25.1577,24.8588,24.9004,24.7536,23.3839,23.5837,24.3920,24.2143,26.3087,24.1239,24.1888,23.9067,25.7878,25.9297,25.8586,25.8586,25.5694,24.7820,25.1962,23.5837,24.1601,24.0403,24.6696,24.6635,25.8808,0.0000,24.6829,24.3410,25.5175,25.7272,24.6765,24.6380,25.8402,25.0081,24.8354,24.1873,22.4329,24.6090,22.4696,23.8288,24.7131,25.2560,27.5055,27.1642,26.7392,25.0889,23.9568,26.0086,25.9403,26.0694,22.8902,26.0266,23.8077,24.3132,24.3413,0.0000,27.5293,24.0108,26.4975,26.6732,26.6811,26.5540,26.2281,26.6685,26.5408,26.6799,26.6833,26.6607,26.2420,24.8302,24.4981,24.6637,0.0000,24.3167,24.8329,24.3166,24.4721,24.5328,24.6922,24.8574,24.5313,26.8242,24.8058,24.3954,24.7211,24.4084,23.8205,24.6658,25.5888,24.2736,23.8217,24.1694,25.0519,0.0000,0.0000,0.0000
33.0000,25.8476,24.8009,24.8477,24.4134,23.7862,24.0943,23.9671,25.3002,24.9014,25.9609,25.4690,25.8096,24.9764,24.7085,23.9466,23.8967,24.7478,24.8747,24.6483,24.5507,24.1717,23.5634,23.8195,24.2826,24.1915,24.5662,24.6270,24.9446,26.9451,24.7735,24.8824,24.9708,26.9750,25.6985,25.6292,25.7268,24.8353,25.0561,24.8077,25.9028,26.9954,24.5776,25.5311,27.0937,27.3752,24.8186,26.8715,26.7859,23.5192,26.2713,25.8516,25.7296,26.8994,26.3714,26.4496,25.8734,24.9018,26.3952,24.4613,26.5775,26.4352,26.4746,26.3564,26.4159,26.3456,26.2566,26.2974,26.9875,26.5971,26.6840,27.0491,26.8088,26.4401,26.4400,25.0861,24.5000,24.8216,26.9751,26.0087,24.9123,24.5715,25.0069,24.8450,24.9023,24.9190,25.0052,24.9795,24.9565,24.9588,25.4869,24.9316,24.8071,24.8322,24.6589,24.5908,24.8402,25.0477,24.9570,0.0000,25.4622,25.6796,26.0112,24.3803,25.5499,24.8107,24.9929,25.7926,26.1892,26.3703,24.5372,25.0101,26.8762,25.9466,25.1229,23.9582,23.3500,24.9115,25.4232,24.8138,25.8641,26.6779,24.8795,24.8952,24.7065,24.6712,24.7560,25.9371,26.0889,24.4857,24.4919,24.6589,23.8073,23.4822,25.2583,24.9219,24.7741,25.2208,24.9431,24.9816,24.9171,23.6051,23.8155,24.4736,24.2869,26.6712,24.1985,24.2088,23.9187,26.0659,26.2376,26.2104,26.3150,25.8671,24.8559,25.2872,23.4221,24.2995,24.0970,24.7753,24.7518,26.1929,0.0000,24.7350,24.4162,25.8823,26.0847,24.7647,24.7326,26.0338,25.1031,24.9367,24.5763,22.8616,24.6785,22.8953,24.8107,24.8860,26.0321,27.4379,27.4962,26.9753,25.3265,23.9915,26.3700,26.2999,26.4180,23.4890,26.3589,23.9937,24.5196,24.5666,26.7505,27.3417,24.2551,26.8461,27.0342,27.0424,26.9219,26.6223,27.0294,26.8986,27.0275,27.0446,27.0196,26.6111,24.9316,24.5911,24.7520,0.0000,24.3611,24.9068,24.3610,24.5594,24.6320,24.7986,24.9170,24.5945,27.0597,24.8821,24.4627,24.8004,24.4746,23.8495,24.7715,26.3482,24.3137,23.8508,24.4139,25.4000,0.0000,0.0000,0.0000
34.0000,25.8742,24.8597,24.9072,24.4649,23.8250,24.1236,23.9985,25.3512,24.9662,26.0214,25.5322,25.8774,25.0424,24.8014,23.9565,23.9150,24.7885,24.8943,24.8342,24.6005,24.2082,23.6087,23.8611,24.3204,24.2189,24.5881,24.6491,24.9627,26.9836,24.8321,24.9434,25.0317,27.0088,25.7274,25.6568,25.7931,24.9006,25.0847,24.8754,25.9292,27.0154,24.6192,25.5925,27.1132,27.4025,25.0273,27.3283,27.2409,23.5224,26.6875,26.2645,25.9691,27.3381,26.8270,26.7840,26.1232,24.9302,26.8233,24.6646,27.3532,26.8647,26.9051,26.7826,26.8443,26.7864,26.6633,26.7137,27.4440,27.0391,27.1327,27.4703,27.2906,27.0479,26.8696,25.2937,24.5585,24.8538,27.0131,26.0692,24.9397,24.6332,24.9982,24.9103,24.9667,24.9842,25.0709,25.0430,25.0199,25.0240,25.5221,25.0062,24.8746,24.9033,24.7370,24.6622,24.8783,25.0815,24.9738,0.0000,25.5264,25.7445,26.0812,24.4173,25.5782,25.0131,25.2029,26.1368,26.5928,26.7959,24.5899,25.0848,27.2959,26.0083,25.1985,23.9905,23.3964,24.9781,25.4501,24.8766,26.1158,27.1335,24.9461,24.9617,24.7652,24.8782,24.8367,25.9987,26.4844,24.6894,24.6956,24.7083,23.8073,23.5088,25.2929,24.9828,24.8517,25.2869,25.0095,25.0477,25.1265,23.6333,23.8443,24.5243,24.3235,27.1283,24.2498,24.2814,23.9593,26.4489,26.6416,26.1994,26.3004,25.8780,24.9163,25.3585,23.4176,24.3289,24.1155,24.8457,24.8140,26.6081,0.0000,24.9172,24.4680,26.2955,26.5003,24.8270,24.7963,26.0925,25.1765,25.0113,24.9821,23.2478,24.8622,23.2817,25.3005,24.8979,26.0593,27.4410,27.4911,27.0094,25.3613,24.0149,26.7970,26.7239,26.8463,23.9101,26.7852,24.0249,24.5399,24.5884,26.7708,27.3477,24.2799,27.2855,27.4919,27.5004,27.3754,27.1139,27.4869,27.3573,27.4846,27.5026,27.4745,27.0640,25.0062,24.6625,24.8142,0.0000,24.4399,24.9686,24.4399,24.6156,24.6934,24.8729,24.9407,24.7447,27.0940,24.9431,24.6431,25.0028,24.6588,23.9209,24.8485,27.0960,24.3275,23.9222,24.4412,25.8047,0.0000,0.0000,0.0000
35.0000,26.0488,24.9900,25.0375,24.5850,23.9349,24.2458,24.1152,25.5661,25.0835,26.2444,25.7283,26.1039,25.1831,24.9720,24.0104,23.9841,24.8962,25.0026,24.9839,24.7485,24.3149,23.7046,23.9595,24.4251,24.3478,24.7242,24.7890,25.1348,27.2188,24.9624,25.0732,25.1622,27.2479,25.9049,25.8291,26.0000,25.0192,25.2415,25.0415,26.1043,27.2020,24.7991,25.7918,27.3008,27.6448,25.1134,27.5812,27.4906,23.5525,26.9791,26.5632,26.1122,27.6140,27.1086,27.0117,26.2833,25.0388,27.1313,24.7338,27.8210,27.1107,27.1499,27.0773,27.1445,27.0567,26.9080,26.9660,27.7084,27.2923,27.3910,27.7465,27.5453,27.4452,27.1156,25.4039,24.6920,25.0133,27.2488,26.2816,25.1020,24.7642,25.1082,25.0263,25.0498,25.1191,25.1648,25.1704,25.1448,25.1117,25.7252,25.1571,25.0359,25.0572,24.8847,24.8050,25.0575,25.2646,25.1465,0.0000,25.7197,25.9485,25.0924,24.5199,25.7557,25.1666,25.3622,26.3532,26.8316,27.0407,24.7237,25.2352,27.5712,26.2193,25.3472,24.0998,23.5017,25.0672,25.6285,25.0047,26.2775,27.3911,25.1074,25.1279,24.8968,24.9579,25.0097,26.2223,26.7226,24.7606,24.7670,24.8526,23.8073,23.6339,25.4853,25.1129,25.0391,25.0943,25.1681,25.2036,25.2155,23.7521,23.9647,24.6598,24.4579,27.3873,24.3692,24.3376,24.0010,26.6813,26.8848,26.3999,26.5037,26.0797,25.0462,25.5105,23.4323,24.4191,24.1844,24.9939,24.9446,26.8552,0.0000,25.0622,24.5885,26.5931,26.7928,24.9580,24.9281,26.3083,25.3283,25.1623,25.2888,23.5513,25.0151,23.5847,25.7921,25.0694,26.2447,27.6548,27.7054,27.2487,25.5568,24.0934,27.0982,27.0215,27.1165,24.2707,27.0468,24.1415,24.6654,24.7243,26.9741,27.5605,24.4089,27.5184,27.7461,27.7550,27.6359,27.3867,27.7411,27.6237,27.7487,27.7572,27.7265,27.3149,25.1571,24.8053,24.9448,0.0000,24.5525,25.0968,24.5525,24.7546,24.8360,25.0240,25.0444,24.8828,27.3334,25.0729,24.7875,25.1563,24.8072,24.2880,25.0162,27.5580,24.4027,24.2879,24.5804,26.0896,0.0000,0.0000,0.0000
36.0000,26.5384,25.2801,25.3289,24.8911,24.2320,24.5654,24.4167,26.0348,25.4015,26.6476,26.0777,26.4937,25.5169,25.2048,24.3383,24.3208,25.2467,25.3346,25.4001,25.0295,24.6230,23.9955,24.2572,24.7322,24.6751,25.0584,25.1286,25.4179,27.4602,25.2506,25.3809,25.4697,27.4960,26.3916,26.2959,26.3481,25.3373,25.6160,25.3595,26.5995,27.8091,25.1895,26.1516,27.9180,27.9034,25.7776,28.2194,28.1247,23.8576,27.7073,27.2995,26.9011,28.2979,27.7273,27.8311,27.0934,25.3527,27.8889,25.3199,28.6061,27.7166,27.7584,27.8021,27.8804,27.6987,27.4977,27.5640,28.3483,27.9219,28.0356,28.4414,28.2327,28.1404,27.7216,25.9285,24.9462,25.2901,27.4902,26.6282,25.4607,25.0074,25.4453,25.3447,25.3698,25.4388,25.4867,25.4891,25.4623,25.4328,26.2249,25.4914,25.3562,25.3767,25.2011,25.0993,25.4598,25.6843,25.4324,0.0000,26.0645,26.2968,25.4117,24.8266,26.2317,25.5970,25.7959,26.8833,27.4112,27.6399,25.0490,25.5737,28.2620,26.5661,25.6922,24.3842,23.7914,25.4196,26.0860,25.3139,27.0782,28.0140,25.4308,25.4538,25.1724,25.5850,25.2857,26.6234,27.2897,25.3459,25.3525,25.1153,24.1068,23.9516,25.9420,25.4231,25.3344,25.4144,25.4932,25.5299,25.9131,24.0657,24.2808,24.9706,24.7661,28.0091,24.6725,24.6839,24.3281,27.2489,27.4718,26.9687,27.0797,26.6157,25.3492,25.8888,23.6924,24.8758,24.5686,25.3095,25.2509,27.4321,0.0000,25.4787,24.8945,27.3265,27.5176,25.2660,25.2308,26.6802,25.6857,25.4972,26.0559,24.3235,25.4265,24.3549,27.1129,25.3307,26.7706,28.3240,28.3896,27.4966,26.0259,24.4285,27.8389,27.7546,27.7815,25.2226,27.6721,24.4420,24.9736,25.0577,27.5786,28.2199,24.7345,28.1566,28.3855,28.3948,28.2716,28.0091,28.3803,28.2639,28.3904,28.3970,28.3673,27.9319,25.4914,25.0996,25.2511,0.0000,24.9156,25.4078,24.9156,25.0667,25.1495,25.3455,25.3730,25.2872,27.5798,25.3807,25.2000,25.5867,25.2201,24.6444,25.3029,28.2827,24.7324,24.6443,24.9173,26.7954,0.0000,0.0000,0.0000
37.0000,27.0693,25.3955,25.4472,25.0472,24.3647,24.7841,24.6142,26.5564,25.5841,27.1685,26.4272,26.9878,25.7203,25.3857,24.4901,24.4969,25.3858,25.4646,25.5483,25.1875,24.7952,24.1452,24.4125,24.8920,24.9108,25.2868,25.3589,25.6433,28.1002,25.3630,25.5391,25.6361,28.1561,26.9144,26.7867,26.7563,25.5192,25.9406,25.5277,27.1403,28.5497,25.5801,26.5112,28.6766,28.6063,25.9836,28.3828,28.2859,24.0060,27.8976,27.4929,27.1490,28.4573,27.8890,28.0647,27.3488,25.4599,28.0883,25.4997,28.8380,27.8739,27.9163,27.9923,28.0732,27.8419,27.6507,27.7182,28.5138,28.0874,28.2064,28.6188,28.3994,28.3274,27.8790,26.0822,24.9929,25.3981,28.1367,27.0948,25.7691,25.1837,25.5821,25.5275,25.5535,25.6244,25.6764,25.6724,25.6424,25.6201,26.7155,25.6365,25.5185,25.5362,25.3012,25.1709,25.8558,26.0845,25.6471,0.0000,26.4079,26.6924,25.5933,24.9832,26.7245,25.7409,25.9363,27.0311,27.5654,27.7963,25.2155,25.7227,28.4404,27.0200,25.8371,24.5941,23.9722,25.7722,26.5221,25.4769,27.3320,28.1750,25.6007,25.6270,25.2624,25.7781,25.4677,27.1399,27.4417,25.5252,25.5318,25.1866,24.2537,24.1804,26.3838,25.5850,25.5437,25.5999,25.6682,25.7076,26.1297,24.2831,24.4983,25.1182,24.9125,28.1697,24.8271,24.8319,24.4764,27.4017,27.6244,27.6572,27.7942,27.2100,25.4963,26.1147,23.8080,25.0980,24.7498,25.4592,25.4087,27.5826,0.0000,25.6419,25.0505,27.5190,27.7076,25.4257,25.3934,27.1729,25.8653,25.6433,26.2702,24.5219,25.5760,24.5536,27.3543,25.5368,27.3864,29.3615,29.4200,28.1567,26.4818,24.6033,28.0334,27.9472,27.9557,25.4434,27.8271,24.6412,25.1701,25.2851,28.4011,29.2433,24.9682,28.3214,28.5500,28.5592,28.4336,28.1697,28.5447,28.4301,28.5562,28.5614,28.5317,28.0916,25.6365,25.1712,25.4089,0.0000,25.0527,25.5732,25.0527,25.2143,25.3008,25.4827,25.4947,25.4359,28.2407,25.5388,25.3479,25.7307,25.3670,24.7771,25.4759,28.4834,24.8757,24.7770,25.1752,26.9803,0.0000,0.0000,0.0000
38.0000,38.7418,36.2010,36.2758,35.7018,34.6935,35.3523,35.0983,38.1263,36.4862,39.0516,37.8444,38.7714,36.6942,36.2445,34.8045,34.8679,36.0249,36.1405,36.2440,35.9309,35.3362,34.3832,34.7733,35.4682,35.5447,36.0775,36.1826,36.6161,40.6358,36.1538,36.4185,36.5619,40.7538,38.5249,38.3295,38.3645,36.3921,37.0663,36.4106,38.8452,40.9012,36.6248,37.9694,41.0864,41.4619,36.8386,40.0725,39.9327,34.1327,39.3738,38.8114,38.4839,39.8812,39.3729,39.6874,38.7653,36.1860,39.6699,36.1468,40.6848,39.3963,39.4552,39.5353,39.6504,38.7869,39.0654,39.1329,40.2932,39.6971,39.8677,40.3711,40.1205,39.9881,39.4035,36.9590,35.6148,36.1194,40.6972,38.9335,36.8254,35.9249,36.2391,36.4041,36.4397,36.5437,36.6189,36.6147,36.5707,36.5367,38.3204,36.5534,36.3966,36.4189,36.0576,35.8706,37.0106,37.3443,36.5770,0.0000,37.8123,38.2661,36.5091,35.5950,38.2385,36.5127,36.7889,38.2544,38.9721,39.2900,35.9430,36.6767,40.1373,38.8085,36.8377,35.0647,34.1472,36.7597,37.9193,36.3304,38.7369,39.8068,36.5165,36.5579,36.0068,36.5430,36.3478,39.0074,38.8043,36.1823,36.1917,35.8653,34.4473,34.5025,37.8055,36.4848,36.4664,36.5099,36.6136,36.6703,37.0475,34.6369,34.9442,35.8104,35.5171,39.7977,35.3884,35.2523,34.7686,38.7443,39.0315,39.7746,39.9913,39.0837,36.3542,37.2523,33.8756,35.6678,35.1770,36.3019,36.2325,38.9937,0.0000,36.3623,35.7068,38.8488,39.1157,36.2573,36.2134,39.0505,36.8880,36.5633,37.0640,34.5944,36.2874,34.6393,38.5772,36.4632,39.2541,42.3290,42.4317,40.7535,37.9572,35.0269,39.5921,39.4671,39.4975,35.8755,39.1140,35.1370,35.9127,36.0751,40.8202,42.1503,35.6268,40.0154,40.3055,40.3187,40.1464,39.7977,40.2983,40.1742,40.3531,40.3218,40.2695,39.6905,36.5534,35.8710,36.2327,0.0000,35.5428,36.4688,35.5428,35.9491,36.0728,36.3318,36.2145,36.0876,40.8700,36.4181,35.9655,36.4984,35.9865,35.1469,36.3502,40.2010,35.3332,35.1468,35.9390,38.0890,0.0000,0.0000,0.0000
39.0000,31.8653,29.7524,29.8129,29.3474,28.5464,29.0822,28.8761,31.3465,29.9858,32.1232,31.1214,31.8969,30.1474,29.7961,28.6303,28.6771,29.6309,29.7265,29.8182,29.5256,29.0594,28.2763,28.5963,29.1636,29.2415,29.6865,29.7728,30.1067,33.4132,29.7137,29.9277,30.0426,33.5079,31.6862,31.5271,31.5519,29.9102,30.4864,29.9273,31.9502,33.6366,30.1215,31.2256,33.7885,34.0766,30.3102,32.9293,32.8111,28.0753,32.3818,31.9170,31.6653,32.8022,32.3823,32.6553,31.8972,29.7555,32.6247,29.7394,33.4658,32.3981,32.4449,32.5121,32.6058,31.9034,32.1295,32.1854,33.1290,32.6490,32.7944,33.2048,32.9930,32.8860,32.4041,30.4056,29.2680,29.6948,33.4636,32.0197,30.2865,29.4616,29.8177,29.9201,29.9492,30.0328,30.0947,30.0904,30.0547,30.0280,31.5119,30.0454,29.9158,29.9330,29.6367,29.4813,30.4372,30.7120,30.0737,0.0000,31.0936,31.4698,30.0085,29.2683,31.4532,30.0369,30.2587,31.4637,32.0517,32.3114,29.5483,30.1464,33.0115,31.9169,30.2794,28.8543,28.0916,30.5875,31.1961,29.8524,31.8745,32.7274,30.0137,30.0460,29.5921,30.0662,29.8809,32.0875,31.9156,29.7685,29.7763,29.4779,28.3396,28.3841,31.0895,29.9823,29.9874,30.0072,30.0942,30.1417,30.4829,28.4951,28.7471,29.4349,29.1939,32.7195,29.0896,28.9981,28.5998,31.8648,32.1017,32.7103,32.8878,32.1410,29.8757,30.6225,27.8284,29.3691,28.9452,29.8353,29.7705,32.0724,0.0000,29.9324,29.3513,31.9479,32.1683,29.7909,29.7527,32.1194,30.3227,30.0536,30.4767,28.4389,29.8531,28.4762,31.6666,29.9791,32.2912,34.8225,34.9002,33.5083,31.2138,28.8059,32.5599,32.4566,32.4811,29.4747,32.1719,28.9105,29.5769,29.6853,33.5900,34.6777,29.3101,32.8933,33.1187,33.1297,32.9971,32.7195,33.1130,33.0327,33.1782,33.1322,33.0835,32.6314,30.0454,29.4817,29.7707,0.0000,29.2354,29.9696,29.2354,29.5480,29.6486,29.8618,29.7826,29.6883,33.6044,29.9273,29.5944,30.0254,29.6065,28.9088,29.8797,33.0632,29.0641,28.9087,29.5632,31.3240,0.0000,0.0000,0.0000
40.0000,38.7801,36.1448,36.2160,35.7130,34.7505,35.3960,35.1418,38.1063,36.4853,39.0671,37.8600,38.8022,36.6897,36.3697,34.8156,34.8822,36.0165,36.1178,36.2758,35.8992,35.3602,34.4192,34.8056,35.4803,35.5942,36.1400,36.2444,36.7148,40.6321,36.0979,36.3994,36.5383,40.7450,38.5618,38.3714,38.3791,36.3921,37.1224,36.4158,38.8827,40.9205,36.6581,37.9861,41.1041,41.4360,36.8852,40.0499,39.9054,34.1513,39.3715,38.8040,38.5153,39.8993,39.3728,39.6952,38.7936,36.1448,39.6563,36.1921,40.6659,39.3882,39.4419,39.5223,39.6348,38.7979,39.0683,39.1360,40.2785,39.6927,39.8691,40.3735,40.1122,39.9750,39.3954,37.0085,35.5259,36.0658,40.6933,38.9456,36.8844,35.9703,36.2189,36.4042,36.4369,36.5429,36.6187,36.6068,36.5637,36.5354,38.3232,36.5380,36.3976,36.4109,36.0361,35.8255,37.0420,37.3768,36.6805,0.0000,37.8252,38.2802,36.5140,35.6013,38.2771,36.5462,36.8058,38.2625,38.9713,39.2840,35.9480,36.6598,40.1377,38.8210,36.8188,35.1181,34.1912,37.2187,37.9623,36.3307,38.7652,39.7933,36.5167,36.5585,35.9386,36.5892,36.4227,39.0253,38.8082,36.2278,36.2373,35.7867,34.4720,34.5505,37.8240,36.4656,36.5557,36.5106,36.6145,36.6730,37.0969,34.6802,34.9876,35.8069,35.5137,39.7866,35.3995,35.2725,34.7885,38.7461,39.0346,39.7605,39.9738,39.0777,36.3262,37.2350,33.8581,35.7038,35.1949,36.2923,36.2331,38.9989,0.0000,36.3833,35.7180,38.8414,39.1084,36.2575,36.2153,39.0648,36.8721,36.5480,37.0714,34.5813,36.3138,34.6273,38.4805,36.5746,39.2908,42.3213,42.4048,40.7458,37.9711,35.0397,39.5791,39.4550,39.4869,35.8301,39.1204,35.1841,35.9943,36.1382,40.8527,42.1496,35.6785,39.9527,40.2829,40.2958,40.1311,39.7866,40.2758,40.1626,40.3383,40.2990,40.2477,39.6747,36.5380,35.8259,36.2334,0.0000,35.5593,36.4537,35.5594,35.9440,36.0657,36.3174,36.1810,36.1151,40.8612,36.3990,36.0095,36.5332,36.0202,35.1721,36.3996,40.1862,35.3311,35.1719,35.9913,38.0819,0.0000,0.0000,0.0000
41.0000,27.5440,25.7760,25.8273,25.4336,24.7427,25.2036,25.0265,27.0622,25.9820,27.7582,26.9201,27.5805,26.1205,25.8005,24.8517,24.8722,25.7514,25.8276,25.9256,25.5903,25.1963,24.5411,24.8129,25.2828,25.3379,25.7265,25.8003,26.0640,28.8778,25.7433,25.9295,26.0287,28.9572,27.3873,27.2583,27.2857,25.9158,26.3892,25.9288,27.6158,29.0418,26.0532,27.0052,29.1703,29.4389,26.3081,28.6410,28.5440,24.3642,28.1255,27.7143,27.4556,28.5705,28.1474,28.3195,27.6523,25.8311,28.3172,25.8224,29.0677,28.1507,28.1911,28.2268,28.3044,27.8419,27.9252,27.9791,28.7907,28.3552,28.4697,28.8562,28.6448,28.5736,28.1558,26.4173,25.3608,25.7594,28.9212,27.6838,26.2148,25.5276,25.9378,25.9244,25.9486,26.0241,26.0786,26.0723,26.0410,26.0191,27.2277,26.0291,25.9187,25.9339,25.6831,25.5471,26.3266,26.5593,26.0361,0.0000,26.8997,27.2170,25.9998,25.3729,27.1924,26.1112,26.2881,27.3397,27.8506,28.0754,25.6083,26.1146,28.6837,27.5962,26.2260,25.0139,24.3670,26.4904,26.9837,25.8663,27.6335,28.4454,26.0032,26.0308,25.6392,26.1015,25.8808,27.7302,27.7331,25.8483,25.8550,25.5511,24.6018,24.5950,26.8757,25.9762,25.9744,25.9999,26.0731,26.1141,26.4562,24.6935,24.9127,25.5075,25.2986,28.4410,25.2100,25.1792,24.8277,27.6889,27.9005,28.2218,28.3679,27.7496,25.8842,26.5197,24.1505,25.4700,25.1137,25.8513,25.7953,27.8712,0.0000,25.9975,25.4368,27.7416,27.9346,25.8129,25.7823,27.7633,26.2647,26.0361,26.4759,24.6868,25.9544,24.7202,27.4045,25.9560,27.8926,29.9880,30.0474,28.9582,26.9796,24.9811,28.2650,28.1781,28.2107,25.5563,28.0019,25.0573,25.6319,25.7255,28.9766,29.8691,25.4014,28.5696,28.8081,28.8173,28.6913,28.4410,28.8029,28.7072,28.8335,28.8196,28.7889,28.3619,26.0291,25.5474,25.7955,0.0000,25.4305,25.9663,25.4306,25.6045,25.6912,25.8739,25.8628,25.8153,29.0397,25.9292,25.7393,26.1025,25.7444,25.1603,25.8821,28.7246,25.2379,25.1602,25.6080,27.2013,0.0000,0.0000,0.0000
42.0000,27.3772,25.6718,25.7225,25.3317,24.6436,25.0994,24.9262,26.9002,25.8725,27.5992,26.7916,27.4330,26.0096,25.6872,24.7710,24.7798,25.6781,25.7446,25.8882,25.4914,25.0968,24.4459,24.7149,25.1851,25.2312,25.6258,25.6995,25.9471,28.6811,25.6396,25.8228,25.9224,28.7599,27.2220,27.0998,27.1463,25.8067,26.2628,25.8210,27.4471,28.8331,25.9133,26.8787,28.9579,29.2385,26.2097,28.6233,28.5314,24.2856,28.0636,27.6484,27.3331,28.5414,28.1123,28.2162,27.5270,25.7418,28.2474,25.7358,29.0171,28.1210,28.1646,28.1670,28.2430,27.8419,27.8911,27.9464,28.7634,28.3171,28.4233,28.8057,28.6034,28.5272,28.1262,26.3438,25.2620,25.6756,28.7225,27.5304,26.0900,25.4232,25.8535,25.8152,25.8401,25.9136,25.9671,25.9629,25.9318,25.9090,27.0747,25.9254,25.8119,25.8286,25.5850,25.4489,26.1817,26.4192,25.9209,0.0000,26.7708,27.0794,25.8908,25.2762,27.0325,26.0702,26.2376,27.3002,27.8162,28.0445,25.5058,26.0102,28.6324,27.4459,26.1217,24.9125,24.2774,26.3719,26.8336,25.7599,27.5098,28.4195,25.8953,25.9220,25.5371,26.0090,25.7683,27.5730,27.6971,25.7620,25.7686,25.4586,24.5326,24.4914,26.7304,25.8688,25.8551,25.8904,25.9644,26.0047,26.3539,24.5896,24.8089,25.4059,25.1979,28.4142,25.1089,25.1155,24.7579,27.6519,27.8663,28.0282,28.1689,27.5754,25.7783,26.4109,24.0768,25.3692,25.0239,25.7476,25.6899,27.8372,0.0000,25.9872,25.3348,27.6765,27.8723,25.7070,25.6760,27.6065,26.1586,25.9324,26.3967,24.6075,25.9186,24.6410,27.2338,25.8408,27.7125,29.7123,29.7775,28.7610,26.8322,24.8872,28.2003,28.1153,28.1668,25.4526,27.9783,24.9573,25.5338,25.6249,28.7621,29.5912,25.2942,28.5698,28.7905,28.7994,28.6679,28.4142,28.7852,28.6792,28.8062,28.8018,28.7732,28.3378,25.9254,25.4492,25.6900,0.0000,25.3772,25.8588,25.3772,25.5023,25.5886,25.7713,25.7746,25.7723,28.8406,25.8225,25.7095,26.0622,25.7091,25.1133,25.7723,28.6769,25.1562,25.1131,25.4957,27.1407,0.0000,0.0000,0.0000
43.0000,26.8914,25.3334,25.3807,25.0036,24.3647,24.7580,24.5955,26.4307,25.5270,27.1335,26.3809,26.9830,25.6615,25.3256,24.4569,24.4495,25.3727,25.4305,25.6206,25.1363,24.7700,24.1468,24.4066,24.8569,24.8821,25.2739,25.3442,25.5804,28.1822,25.3033,25.4771,25.5697,28.2546,26.7405,26.6328,26.7173,25.4617,25.8676,25.4736,26.9565,28.2477,25.5005,26.4629,28.3640,28.7153,25.8760,28.3588,28.2719,23.9816,27.7811,27.3572,26.9732,28.4301,27.8674,27.8854,27.1656,25.4272,27.9429,25.4251,28.7484,27.8534,27.8975,27.8731,27.9454,27.8419,27.6392,27.7061,28.4906,28.0379,28.1349,28.5498,28.3202,28.2676,27.8585,26.0465,24.9462,25.3507,28.2187,27.0818,25.7010,25.0861,25.5399,25.4701,25.4955,25.5684,25.6219,25.6129,25.5832,25.5641,26.6131,25.5775,25.4649,25.4837,25.2545,25.1239,25.7654,25.9966,25.5723,0.0000,26.3634,26.6548,25.5408,24.9452,26.5647,25.8003,25.9592,27.0326,27.5517,27.7775,25.1638,25.6600,28.3683,27.0018,25.7704,24.5891,23.9725,26.0420,26.3901,25.4178,27.1565,28.1510,25.5453,25.5695,25.2076,25.6866,25.4125,27.1098,27.4327,25.4514,25.4580,25.1364,24.2400,24.1526,26.2898,25.5212,25.4975,25.5444,25.6129,25.6524,26.0101,24.2564,24.4720,25.0708,24.8654,28.1461,24.7837,24.8260,24.4626,27.3908,27.6136,27.4796,27.6083,27.0682,25.4348,26.0257,23.7942,24.9946,24.6838,25.4067,25.3492,27.5753,0.0000,25.6989,25.0066,27.3864,27.5869,25.3658,25.3375,27.1490,25.7920,25.5841,26.0866,24.3014,25.6493,24.3354,26.7380,25.4758,27.1921,28.9995,29.0733,28.2562,26.3856,24.5552,27.9017,27.8208,27.8860,25.0829,27.8140,24.6272,25.1960,25.2735,28.1586,28.8833,24.9455,28.3047,28.5243,28.5329,28.3974,28.1461,28.5191,28.4079,28.5330,28.5353,28.5082,28.0710,25.5775,25.1242,25.3494,0.0000,25.0954,25.5121,25.0954,25.1655,25.2506,25.4308,25.4594,25.4976,28.3343,25.4768,25.4524,25.7930,25.4452,24.8406,25.4196,28.4145,24.8421,24.8404,25.1345,26.8628,0.0000,0.0000,0.0000
44.0000,26.6577,25.3057,25.3514,24.9674,24.3647,24.6899,24.5376,26.2429,25.4721,26.9475,26.2546,26.8147,25.6003,25.3419,24.3959,24.3682,25.3443,25.4022,25.5755,25.0942,24.7156,24.0928,24.3525,24.8097,24.8096,25.2067,25.2776,25.5765,27.9015,25.2771,25.4343,25.5221,27.9561,26.5166,26.4269,26.5693,25.4056,25.7663,25.4184,26.7157,27.8629,25.3803,26.3298,27.9662,28.3929,25.7032,28.2498,28.1659,23.9217,27.6088,27.1688,26.7460,28.3596,27.7321,27.6722,26.9267,25.4081,27.7545,25.2828,28.3448,27.7485,27.7924,27.7038,27.7730,27.8419,27.5378,27.6036,28.3817,27.9231,28.0131,28.4145,28.1929,27.9999,27.7537,25.9355,24.9462,25.3337,27.9350,26.9082,25.6189,25.1302,25.5139,25.4137,25.4391,25.5116,25.5625,25.5581,25.5292,25.5057,26.4438,25.5174,25.4089,25.4319,25.2132,25.0972,25.6448,25.8709,25.6164,0.0000,26.2412,26.5118,25.4760,24.9001,26.3514,25.7467,25.8986,26.9484,27.4536,27.6744,25.1002,25.5978,28.2278,26.8338,25.7058,24.5189,23.9077,25.9040,26.1969,25.3779,26.9225,28.0434,25.4860,25.5076,25.1901,25.5287,25.3949,26.9266,27.3389,25.3097,25.3163,25.1320,24.1790,24.0821,26.1441,25.4761,25.4725,25.4853,25.5510,25.5882,25.8253,24.1878,24.4039,25.0246,24.8197,28.0391,24.7481,24.7633,24.4010,27.2949,27.5131,27.2248,27.3444,26.8540,25.3961,25.9184,23.7588,24.8608,24.5906,25.3606,25.3132,27.4805,0.0000,25.6547,24.9707,27.2006,27.4125,25.3285,25.3034,26.9759,25.7074,25.5234,25.8335,23.9925,25.6068,24.0299,25.8065,25.4800,26.9256,28.5911,28.6658,27.9577,26.2331,24.4765,27.7231,27.6456,27.7481,24.5709,27.7396,24.5673,25.1374,25.2067,27.8034,28.4813,24.8757,28.1932,28.4146,28.4235,28.2892,28.0391,28.4095,28.2960,28.4240,28.4258,28.3975,27.9646,25.5174,25.0976,25.3134,0.0000,25.0724,25.4656,25.0724,25.1193,25.2045,25.3812,25.4356,25.4578,28.0336,25.4340,25.4119,25.7401,25.4025,24.8252,25.3907,28.1054,24.7938,24.8251,25.0590,26.6930,0.0000,0.0000,0.0000
45.0000,26.4498,25.1709,25.2119,24.8460,24.3016,24.5512,24.4093,26.0095,25.3326,26.7059,26.0819,26.5899,25.4633,25.2668,24.2753,24.2347,25.2225,25.2743,25.4933,24.9409,24.5890,23.9815,24.2359,24.6844,24.6661,25.0542,25.1209,25.4671,27.6024,25.1446,25.2966,25.3814,27.6535,26.3080,26.2261,26.3716,25.2670,25.6052,25.2833,26.5059,27.6150,25.1776,26.1629,27.7148,28.0746,25.5670,28.1674,28.0874,23.8086,27.5410,27.1071,26.5812,28.3236,27.6834,27.5387,26.7566,25.2773,27.6675,25.1592,28.4703,27.6644,27.7084,27.6212,27.6874,27.8419,27.4615,27.5335,28.2912,27.8304,27.9138,28.3408,28.1063,28.0385,27.6695,25.8265,24.8312,25.2137,27.6324,26.6816,25.4640,24.9976,25.3815,25.2749,25.2995,25.3709,25.4205,25.4159,25.3879,25.3648,26.2175,25.3789,25.2726,25.2967,25.0870,24.9751,25.4398,25.6778,25.5035,0.0000,26.0660,26.3182,25.3401,24.7737,26.1432,25.6632,25.8081,26.8647,27.3708,27.5905,24.9648,25.4558,28.1538,26.6139,25.5590,24.4001,23.7921,25.8321,25.9883,25.2430,26.7580,27.9588,25.3456,25.3623,25.0639,25.3990,25.2909,26.6877,27.2570,25.1865,25.1931,25.0140,24.0745,23.9429,25.9357,25.3366,25.3608,25.3465,25.4087,25.4446,25.6859,24.0489,24.2656,24.8947,24.6909,27.9550,24.6278,24.6632,24.2956,27.2131,27.4364,26.9419,27.0535,26.5981,25.2597,25.7689,23.6673,24.7074,24.4573,25.2279,25.1797,27.4007,0.0000,25.5936,24.8493,27.1376,27.3420,25.1949,25.1712,26.7347,25.5627,25.3848,25.8299,24.0155,25.5253,24.0516,26.1177,25.3870,26.6904,28.2169,28.2842,27.6560,26.0195,24.3427,27.6386,27.5650,27.6659,24.6828,27.6892,24.4391,24.9970,25.0545,27.5069,28.1183,24.7314,28.1094,28.3304,28.3392,28.2093,27.9550,28.3252,28.2072,28.3315,28.3415,28.3131,27.8805,25.3789,24.9754,25.1798,0.0000,24.9766,25.3267,24.9766,24.9886,25.0731,25.2484,25.3011,25.3692,27.7333,25.2964,25.3330,25.6571,25.3232,24.7397,25.2776,28.1705,24.6704,24.7395,24.9121,26.6243,0.0000,0.0000,0.0000
46.0000,25.8975,24.7188,24.7565,24.4201,23.8946,24.1354,23.9999,25.5544,24.8746,26.2757,25.6460,26.1523,25.0086,24.8145,23.9395,23.8792,24.8526,24.8906,25.1710,24.4920,24.1846,23.5945,23.8430,24.2807,24.2436,24.6266,24.6914,25.0127,27.5472,24.6948,24.8410,24.9189,27.7762,25.7617,25.6933,25.9347,24.8115,25.1411,24.8367,25.9488,26.9617,24.7317,25.7229,27.0529,28.1797,25.1698,27.8144,27.7403,23.4985,27.1816,26.7448,26.1300,28.0625,27.3481,27.1167,26.2916,24.8771,27.2876,24.7887,28.1077,27.3130,27.3569,27.2505,27.3136,27.6697,27.1245,27.2029,27.9146,27.4666,27.5407,27.9918,27.7525,27.6862,27.3181,25.4776,24.3980,24.8033,27.5743,26.3188,25.0091,24.5579,24.9942,24.8190,24.8430,24.9099,24.9564,24.9531,24.9265,24.9041,25.7529,24.9329,24.8291,24.8563,24.6589,24.5455,24.9872,25.2196,25.0434,0.0000,25.6312,25.8901,24.8883,24.3685,25.6037,25.3360,25.4665,26.5223,27.0244,27.2403,24.5475,25.0051,27.8006,26.2365,25.1031,23.9896,23.4005,25.3313,25.4590,24.7965,26.2961,27.6023,24.8966,24.9135,24.6190,25.0151,24.8407,26.2563,26.9129,24.8166,24.8230,24.5862,23.8073,23.5328,25.4745,24.8786,24.9086,24.8887,24.9546,24.9873,25.2802,23.6448,23.8559,24.4764,24.2869,27.5990,24.2052,24.3678,23.9970,26.8698,27.0990,26.4122,26.5196,26.0992,24.8055,25.2885,23.3725,24.3238,24.1012,24.7898,24.7367,27.0584,0.0000,25.2403,24.4230,26.7756,26.9801,24.7513,24.7314,26.3404,25.1013,24.9384,25.4712,23.6639,25.2018,23.7004,25.5937,24.9331,26.1250,27.5804,27.6482,27.7590,25.5573,23.9782,27.2639,27.1941,27.3046,24.2744,27.4056,24.0288,24.5729,24.6270,26.9003,27.4850,24.3096,27.7577,27.9741,27.9827,27.8528,27.5990,27.9690,27.8360,27.9544,27.9851,27.9574,27.5277,24.9329,24.5458,24.7369,0.0000,24.6465,24.8692,24.6466,24.5646,24.6449,24.8105,24.9101,25.0425,27.7794,24.8408,25.0165,25.3305,25.0068,24.4275,24.8289,27.8151,24.3158,24.4274,24.4796,26.2719,0.0000,0.0000,0.0000
47.0000,25.7416,24.6859,24.7207,24.3935,23.8705,24.0782,23.9527,25.4300,24.8382,26.1410,25.5604,26.0287,24.9619,24.7495,23.9265,23.8571,24.8489,24.8783,25.1831,24.4510,24.1486,23.5588,23.8078,24.2527,24.1792,24.5589,24.6208,24.9313,27.3135,24.6636,24.8069,24.8812,27.5274,25.6092,25.5500,25.8318,24.7759,25.0474,24.8085,25.7897,26.7387,24.6380,25.6334,26.8241,27.9113,25.1073,27.7957,27.7225,23.4901,27.1425,26.7013,26.0333,28.0426,27.3244,27.0368,26.1870,24.8618,27.2430,24.7401,28.0673,27.2944,27.3381,27.2123,27.2746,27.6436,27.1049,27.1816,27.9028,27.4442,27.5158,27.9607,27.7149,27.6535,27.2994,25.4473,24.3816,24.7826,27.3370,26.1873,24.9208,24.5329,24.9805,24.7831,24.8075,24.8719,24.9167,24.9143,24.8886,24.8662,25.6334,24.9190,24.8046,24.8314,24.6589,24.5393,24.8947,25.1205,24.9456,0.0000,25.5468,25.7891,24.8573,24.3399,25.4557,25.3448,25.4662,26.5109,27.0062,27.2220,24.5237,24.9884,27.7683,26.1107,25.0869,23.9449,23.3522,25.2475,25.3192,24.7691,26.1936,27.5847,24.8683,24.8854,24.5926,24.9596,24.7887,26.1234,26.8961,24.7684,24.7748,24.5676,23.8073,23.4702,25.3660,24.8424,24.8423,24.8527,24.9234,24.9545,25.2138,23.5863,23.7984,24.4641,24.2869,27.5817,24.1789,24.3655,23.9925,26.8513,27.0799,26.2431,26.3449,25.9537,24.7721,25.2749,23.3835,24.2780,24.0752,24.7684,24.7116,27.0420,0.0000,25.2699,24.3964,26.7328,26.9396,24.7251,24.7012,26.2086,25.0906,24.9242,25.4242,23.6053,25.2145,23.6425,25.4161,24.8591,25.9520,27.3142,27.3782,27.5108,25.4456,23.9558,27.2226,27.1538,27.2764,24.1811,27.3786,23.9807,24.5168,24.5597,26.6860,27.2243,24.2439,27.7344,27.9554,27.9644,27.8386,27.5817,27.9503,27.8205,27.9426,27.9666,27.9378,27.5089,24.9190,24.5396,24.7118,0.0000,24.6682,24.8339,24.6682,24.5499,24.6269,24.7953,24.8949,25.0552,27.5340,24.8067,25.0325,25.3398,25.0229,24.4640,24.7872,27.7800,24.3030,24.4639,24.4079,26.2325,0.0000,0.0000,0.0000
48.0000,25.5505,24.5661,24.5990,24.2823,23.7634,23.9664,23.8441,25.2580,24.7103,25.9719,25.4041,25.8625,24.8468,24.5819,23.8848,23.7990,24.8016,24.8140,25.1659,24.3302,24.0481,23.4597,23.7084,24.1562,24.0592,24.4446,24.5069,24.7170,27.1701,24.5450,24.6827,24.7550,27.3781,25.4177,25.3652,25.6671,24.6488,24.8861,24.6842,25.5969,26.5123,24.4739,25.4751,26.5947,27.7559,25.0513,27.7728,27.6998,23.4597,27.1067,26.6666,25.9625,28.0020,27.2931,26.9783,26.1115,24.7833,27.2030,24.6937,28.0428,27.2672,27.3113,27.1754,27.2371,27.6053,27.0743,27.1504,27.8816,27.4178,27.4896,27.9264,27.6978,27.6219,27.2722,25.4117,24.2714,24.6887,27.1953,26.0263,24.7516,24.3925,24.9153,24.6559,24.6824,24.7424,24.7857,24.7853,24.7604,24.7379,25.4575,24.8035,24.6830,24.7115,24.5510,24.4307,24.7290,24.9498,24.6287,0.0000,25.3924,25.6277,24.7305,24.2442,25.2716,25.3210,25.4298,26.4785,26.9755,27.1941,24.4211,24.8726,27.7334,25.9489,24.9742,23.8325,23.2485,25.1113,25.1490,24.6459,26.1195,27.5592,24.7456,24.7628,24.4773,24.9085,24.6404,25.9547,26.8643,24.7223,24.7287,24.4622,23.8073,23.3538,25.1927,24.7173,24.6930,24.7256,24.7990,24.8291,25.1541,23.4917,23.6941,24.3584,24.1901,27.5562,24.0691,24.3506,23.9730,26.8189,27.0493,26.0416,26.1387,25.7644,24.6493,25.1509,23.3612,24.2151,24.0247,24.6510,24.5899,27.0115,0.0000,25.2660,24.2848,26.6980,26.9037,24.6037,24.5803,26.0446,24.9710,24.8086,25.3865,23.5626,25.1970,23.6002,25.3195,24.6652,25.7473,27.0744,27.1314,27.3619,25.2715,23.8912,27.1843,27.1164,27.2435,24.1199,27.3433,23.8716,24.4061,24.4455,26.4529,26.9871,24.1231,27.7123,27.9327,27.9415,27.8129,27.5562,27.9275,27.7974,27.9213,27.9438,27.9158,27.4832,24.8035,24.4310,24.5900,0.0000,24.6547,24.7084,24.6547,24.4408,24.5154,24.6802,24.8231,25.0429,27.3877,24.6825,25.0173,25.3164,25.0103,24.4662,24.6469,27.7506,24.2525,24.4660,24.2729,26.1975,0.0000,0.0000,0.0000
