"ETAPA \ BARRA","AGUAYTIA 220","BALNEARIO 220","BALNEARIOS 60 A","CALLAHUANCA 220","CALLAHUANCA 60","CARHUAMAYO 220","CARHUAMAYO NUEVA 138","CARHUAQUERO 220","CHAVARRIA 220 A","CHICLAYO OESTE 220","CHIMBOTE 220","GUADALUPE 220","HUACHIPA 60","HUACHO 220","HUANCAVELICA 220","HUAYUCACHI 220","ICA 220","INDEPENDENCIA 220","MARCONA220","MOYOPAMPA 60","OROYA NUEVA 220","OROYA NUEVA 138","OROYA NUEVA 50","PACHACHACA 220","PARAGSHA2 220","PARAGSHA 138","PARAGSHA 50","PARAMONGA NUEVA 220","PIURA OESTE 220","SAN JUAN 220","SANTA ROSA 220 A","SANTA ROSA EDS 60","TALARA 220","TINGO MARIA 138","TINGO MARIA 220","TRUJILLO 220","VENTANILLA 220","VIZCARRA 220","ZAPALLAL 220","AGUAYTIA 138","PUCALLPA 138","HUALLANCA 138","CHIMBOTE 138","PUCALLPA 60","ZORRITOS 220","ABANCAY NUEVA 138","ARICOTA138","ARICOTA II 66","CAMPO ARMINO 220","AYAVIRI138","AZANGARO 138","CACHIMAYO 138","CALLALLI 138","CERRO VERDE 138","COMBAPATA 138","DOLORESPATA 138","DESIERTO220","JULIACA 138","MACHUPICCHU 138","MOLLENDO 138","MOQUEGUA 220","MOQUEGUA 138","PUNO 220","PUNO 138","SANTUARIO 138","SOCABAYA 220","SOCABAYA 138","ILO 138","LOS HEROES 220 A","LOS HEROES 66","TINTAYA 138","TOMASIRI 66","REPARTICION 138","ILO2 220","COTARUSE 220","CHILCA REP 220","CANTERA 220","PIURA OESTE 60","LA NINA 220","CONOCOCHA 220","HUINCO 220","INDEPENDENCIA 60","CHILLON 220","CHILLON 60","CHAVARRIA 60 A","CHAVARRIA 60 B","BARSI 60","BARSI 220","OQUENDO 60","CAJAMARCA 220","PLANICIE 220 A","CARABAYLLO 220","CARABAYLLO 500","CHILCA CTM 500","CHILCA CTM 220 A","KIMAN AYLLU 138","KIMAN AYLLU 220","PARAMONGA EXISTENTE 138","MACHALA 200","CHIMBOTE 500","TRUJILLO 500","HUARANGAL 60","POMACOCHA 220","PIEDRA BLANCA 138","POROMA 220","POROMA500","OCONA 500","MONTALVO 500","MONTALVO 220","HUANZA 220","INDUSTRIALES 220 A","TINTAYA 220","LA NINA 500","INDUSTRIALES 60","CARHUAMAYO 50","CARIPA138","HUAMPANI 60","HUANUCO 138","REFINERIA ZINC 220","QUENCORO 138","ILO 3 220","MIRADOR 220","MIRADOR 60","ALTO PRADERA 220","ABANCAY NUEVA 220","LOMERA 220","REQUE 220","SAN JOSE 500","SANTA TERESA 220","SURIRAY 220","ASIA 220","CERRO DEL AGUILA 220","CHAGLLA 220","RAMADA 220","SANTA ROSA LDS 60","LOMERA 60","ZAPALLAL 60","MALVINAS 220","MALVINAS 60","ABANCAY 138","YAUPI 138","SANTA ISABEL 220","YANANGO 220","CHIMAY 220","ILO3 138","MATUCANA 220","COLCABAMBA 500","COLCABAMBA 220","YARABAMBA 500","YARABAMBA 220","BELAUNDE 220","BELAUNDE 138","CACLIC 220","INDUSTRIALES 220B","PLANICIE60","COBRIZAI 69","MOLLEPATA 60","MOLLEPATA220","CARAPONGO 500","CARAPONGO 220 A","SAN JOSE 220","MARCONA 60 A","SAN NICOLAS 60","CALLAHUANCA EDN 220","PUMIRI138","PUMIRI220","SAN MIGUEL 220","SAN MIGUEL 60","FELAM 220","MANCHAY 60","MANCHAY 220","SAN RAFAEL 138","SAN GABAN 138","MARCONA 60 B","ANGEL 138","PTO MALDONADO 138","MEDIO MUNDO 220","AUCAYACU 138","BELLAVISTA 138","TARAPOTO 138","PARINAS 220","PAMPA HONDA 220","ORCOTUNA 220","SAN ROMAN 138","SAN ROMAN 220","CHILOTA 220","MAZUCO 138","JESUS 138","CARHUAMAYO 138","CINCO MANANTIALES 138","OXIDOS CERRO 138","TOCACHE 138","JUANJUI 138","FRANCOISE 220","BOTIFLACA 138","MILL SITE 138","PLAZA TOQUEPALA 138","QUEBRADA HONDA 138","PANAMERICANA SOLAR 138","TOQUEPALA 138","ILO ELS 138","REFINERIA 138","LIXIVIACION 138","PUSHBACK 138","INTIPAMPA 138","PLANICIE 220 B","CHILCA CTM 220 B","CARAPONGO 220 B","CHILCA 1 220","DERIVACION 220","CHAVARRIA 220 B","DERIVACION 220  BARRA II","CAMPAS 220","CAMPAS 500","PLANICIE 500","NUEVA CHINCHA 220","CAHUACHI 220","VALLE DEL CHIRA 220","SANTA ROSA 220 B","ERSUR 220","FLAMENCO220","BARRA3HERMANAS","BARRAPTALOMITAS","PUERTO CHANCAY 220","CHAPARRAL 138","CHIRIBAMBA 220","BARRAPTALOMITAS2","YSHCAYUCRO 220"
1.0000,23.9710,23.0296,23.0528,22.8928,22.4144,22.3443,22.2089,24.1428,23.2857,24.8214,24.1173,24.6330,23.5287,23.2877,23.3920,23.0793,23.9094,23.8512,24.3371,22.7348,22.7419,22.2927,22.4885,22.9189,22.3252,22.6012,22.6634,23.4281,25.5252,23.0131,23.1267,23.1713,25.7294,23.8765,23.8187,24.4045,23.2680,23.3911,23.2823,24.0092,24.7617,23.3760,24.1756,24.8293,26.0460,24.1554,26.5138,26.4790,23.1595,25.7777,25.1379,24.9148,26.3374,25.9967,25.9922,25.0457,23.6324,25.6779,23.8316,26.8913,25.9808,26.0231,25.6664,25.7123,25.4361,25.8020,25.8403,26.5760,26.1361,26.1968,27.0075,26.3360,26.4033,25.9850,24.5602,22.7412,23.4151,25.5590,24.8559,23.3275,22.7136,23.9647,23.2734,23.2859,23.3241,23.3387,23.3019,23.2779,23.1870,24.2866,23.3863,23.2724,23.2861,23.1074,22.9571,23.5557,23.7169,23.5429,0.0000,24.1055,24.3696,23.3402,23.0112,23.6475,24.3653,24.3896,25.2977,25.7488,25.9170,22.9384,23.4551,26.9076,24.7624,23.5890,22.1615,22.0776,24.6073,23.3485,23.1743,25.0646,26.2617,23.3263,23.3559,22.9491,24.0275,23.3113,24.8054,25.6496,23.8601,23.8663,23.0169,23.2015,21.0164,23.9875,23.1123,23.3669,23.3236,23.3660,23.3867,24.2555,21.8878,22.0832,22.9744,22.7654,26.2606,22.6753,23.6282,23.4196,25.6174,25.7803,24.9431,25.0682,24.6312,23.0992,23.7335,23.1815,23.5823,23.4881,23.2145,23.1079,25.7608,0.0000,24.9518,22.8920,25.1667,25.3247,23.1271,23.1448,24.9070,23.5553,23.3914,23.7108,21.8974,24.3936,21.9279,23.3108,23.3727,24.2273,25.7562,25.8453,25.7409,24.0760,23.0585,25.6604,25.5863,25.8445,22.3345,25.7492,22.2393,22.6569,22.6049,24.9914,25.6368,22.3745,26.3967,26.6195,26.6278,26.5079,26.2606,26.6150,26.4900,26.6194,26.6300,26.6013,26.1881,23.3863,22.9573,23.1080,0.0000,23.8016,23.1767,23.8016,23.0417,23.1048,23.2473,23.7653,24.2102,25.7495,23.1266,24.1744,24.3612,24.2537,23.6258,23.2849,26.5524,23.5746,23.6257,22.6327
2.0000,23.9561,23.0438,23.0698,22.8924,22.4020,22.3322,22.2061,24.1281,23.2961,24.8271,24.1166,24.6445,23.5360,23.2880,23.3653,23.0577,23.8845,23.8307,24.2567,22.7628,22.7291,22.2703,22.4678,22.9100,22.3117,22.5880,22.6464,23.4247,25.5371,23.0257,23.1403,23.1901,25.7417,23.8639,23.8034,24.4076,23.2775,23.3785,23.2878,23.9943,24.7466,23.3646,24.1725,24.8142,26.0586,24.0639,26.3120,26.2766,23.1290,25.5596,24.9064,24.8182,26.1526,25.8252,25.8530,24.9487,23.6159,25.4418,23.7417,26.6322,25.7904,25.8323,25.4395,25.4800,25.2754,25.6420,25.6789,26.3797,25.9420,26.0013,26.8288,26.1248,26.1939,25.7944,24.4633,22.7467,23.4079,25.5715,24.8613,23.3157,22.7195,23.9444,23.2830,23.2956,23.3349,23.3497,23.3178,23.2923,23.1974,24.2594,23.3913,23.2770,23.2888,23.1044,22.9571,23.5414,23.6998,23.5391,0.0000,24.1064,24.3723,23.3469,23.0029,23.6405,24.2916,24.3106,25.1656,25.5813,25.7287,22.9352,23.4629,26.7293,24.7672,23.6002,22.1721,22.0622,24.6010,23.3527,23.1812,24.9645,26.0664,23.3333,23.3626,22.9588,23.9360,23.3145,24.8116,25.4966,23.7698,23.7760,23.0183,23.1556,21.0037,23.9660,23.1269,23.3661,23.3327,23.3748,23.3961,24.1625,21.8760,22.0712,22.9742,22.7653,26.0651,22.6752,23.5710,23.3733,25.4631,25.6211,24.7946,24.9123,24.5402,23.1126,23.7449,23.1466,23.5702,23.4675,23.2166,23.1140,25.6051,0.0000,24.9027,22.8919,24.9351,25.0957,23.1333,23.1484,24.9105,23.5631,23.3965,23.4815,21.6751,24.3133,21.7059,22.9666,23.3711,24.1987,25.6159,25.6757,25.7531,24.0529,23.0397,25.4274,25.3570,25.6357,22.0804,25.5875,22.2370,22.6483,22.5919,24.9216,25.5082,22.3560,26.2009,26.4181,26.4261,26.3097,26.0643,26.4136,26.2916,26.4227,26.4283,26.4000,25.9937,23.3913,22.9573,23.1141,0.0000,23.7791,23.1905,23.7791,23.0423,23.1055,23.2488,23.7472,24.1372,25.7622,23.1402,24.0835,24.2886,24.1654,23.6198,23.2885,26.3277,23.5503,23.6197,22.6198
3.0000,23.9671,23.0587,23.0889,22.8694,22.3619,22.3018,22.1710,24.1562,23.2785,24.8724,24.1249,24.6805,23.5026,23.2679,23.2944,22.9966,23.8273,23.7901,24.0873,22.7817,22.6979,22.2365,22.4354,22.8789,22.2820,22.5507,22.6103,23.4054,25.5799,23.0387,23.1354,23.1875,25.7908,23.8747,23.8084,24.4269,23.2582,23.3609,23.2675,24.0070,24.7928,23.3500,24.1834,24.8635,26.1125,23.8431,25.9288,25.8934,23.0465,25.2360,24.5830,24.6001,25.8395,25.5084,25.5780,24.7333,23.5910,25.1036,23.5281,26.2637,25.4215,25.4627,25.0974,25.1350,24.9782,25.3312,25.3695,25.9854,25.5605,25.6154,26.5061,25.6946,25.8468,25.4253,24.2411,22.7697,23.3963,25.6147,24.8925,23.2976,22.7045,23.9106,23.2634,23.2752,23.3181,23.3326,23.3073,23.2811,23.1787,24.2759,23.3776,23.2582,23.2727,23.0859,22.9571,23.5176,23.6891,23.5186,0.0000,24.1144,24.3894,23.3168,22.9732,23.6487,24.1170,24.1350,24.8977,25.2514,25.3612,22.9041,23.4534,26.4073,24.7957,23.5955,22.1271,22.0256,24.5028,23.3554,23.1654,24.7472,25.6840,23.3160,23.3441,22.9745,23.7177,23.2870,24.8561,25.1924,23.5556,23.5617,23.0266,23.0447,20.9757,23.9681,23.1233,23.3256,23.3095,23.3595,23.3817,23.9357,21.8480,22.0420,22.9549,22.7461,25.6819,22.6526,23.4388,23.2613,25.1591,25.3113,24.8378,24.9609,24.5707,23.1120,23.7180,23.0462,23.5155,23.4010,23.1998,23.0987,25.2950,0.0000,24.6898,22.8690,24.6106,24.7695,23.1174,23.1270,24.9503,23.5440,23.3826,23.1954,21.4191,24.1424,21.4491,22.7595,23.3514,24.2145,25.6872,25.7525,25.8021,24.0593,22.9830,25.0866,25.0200,25.2798,21.8468,25.2858,22.2006,22.6111,22.5545,24.9450,25.5712,22.3242,25.8272,26.0349,26.0426,25.9269,25.6664,26.0305,25.9009,26.0277,26.0448,26.0190,25.6137,23.3776,22.9573,23.0988,0.0000,23.7049,23.1835,23.7049,23.0238,23.0868,23.2326,23.7123,23.9977,25.8106,23.1353,23.9048,24.1146,23.9882,23.5571,23.2683,25.9575,23.4913,23.5571,22.5935
4.0000,24.0291,23.0767,23.1112,22.8650,22.3448,22.2941,22.1592,24.1807,23.2901,24.8899,24.1335,24.6921,23.5089,23.2765,23.2307,22.9498,23.7449,23.7312,23.9253,22.8064,22.6805,22.2045,22.4082,22.8618,22.2777,22.5467,22.6078,23.4140,25.6048,23.0544,23.1473,23.1985,25.8131,23.9311,23.8582,24.4417,23.2692,23.3725,23.2744,24.0723,24.9244,23.3624,24.1903,25.0011,26.1265,23.7006,25.5372,25.5026,22.9790,24.9405,24.2871,24.4595,25.5465,25.1873,25.3651,24.5931,23.5512,24.7923,23.3772,25.7034,25.0797,25.1189,24.7824,24.8174,24.6938,25.0432,25.0775,25.6153,25.2171,25.2710,26.2078,25.3515,25.4148,25.0835,24.0707,22.7788,23.3717,25.6407,24.9104,23.3073,22.7092,23.8524,23.2744,23.2858,23.3309,23.3466,23.3211,23.2945,23.1911,24.3010,23.3855,23.2638,23.2749,23.0795,22.9571,23.5339,23.7045,23.5271,0.0000,24.1238,24.4026,23.3252,22.9556,23.6983,23.9532,23.9733,24.6521,24.9482,25.0228,22.8942,23.4672,26.1082,24.8126,23.6150,22.1113,21.9961,24.4897,23.3915,23.1714,24.6018,25.3048,23.3244,23.3540,22.9872,23.5702,23.2955,24.8731,24.9139,23.4040,23.4101,23.0253,22.9487,20.9717,23.9870,23.1356,23.3368,23.3204,23.3703,23.3942,23.7968,21.8414,22.0348,22.9520,22.7432,25.3003,22.6485,23.3216,23.1644,24.8792,25.0243,24.9119,25.0404,24.6215,23.1248,23.7337,22.9696,23.4658,23.3423,23.2004,23.1035,25.0115,0.0000,24.5458,22.8650,24.3136,24.4705,23.1222,23.1278,24.9697,23.5567,23.3906,22.9443,21.2017,23.9804,21.2306,22.6505,23.3599,24.2841,25.8301,25.9083,25.8247,24.0797,22.9417,24.7730,24.7101,24.9508,21.6709,24.9981,22.1882,22.6017,22.5502,25.0439,25.7076,22.3202,25.4634,25.6398,25.6472,25.5314,25.2441,25.6357,25.5260,25.6568,25.6494,25.6205,25.2335,23.3855,22.9573,23.1036,0.0000,23.5964,23.1959,23.5964,23.0220,23.0850,23.2334,23.6622,23.8549,25.8330,23.1472,23.7425,23.9510,23.8171,23.4465,23.2758,25.4108,23.4294,23.4465,22.5934
5.0000,24.2335,23.1108,23.1492,22.8909,22.3566,22.3411,22.1942,24.3315,23.3399,25.0508,24.2343,24.8323,23.5821,23.3539,23.1678,22.9026,23.6909,23.6975,23.7199,22.8533,22.6997,22.2114,22.4196,22.8726,22.3341,22.6090,22.6719,23.4979,25.7797,23.0853,23.1922,23.2514,25.9978,24.1172,24.0341,24.5600,23.3184,23.4711,23.3155,24.2840,25.2825,23.4711,24.2971,25.3724,26.3236,23.4013,25.1559,25.1216,22.8990,24.6297,23.9885,24.1784,25.1989,24.8261,25.0718,24.3181,23.5356,24.4881,23.0784,24.9974,24.7496,24.7862,24.4739,24.5086,24.3493,24.7317,24.7582,25.2644,24.8708,24.9186,25.8734,24.9837,24.8892,24.7533,23.7461,22.7850,23.3606,25.8179,25.0532,23.4007,22.7437,23.8278,23.3241,23.3354,23.3825,23.4002,23.3726,23.3458,23.2427,24.4444,23.4230,23.3011,23.3070,23.0800,22.9571,23.6402,23.8198,23.6123,0.0000,24.2222,24.5179,23.3742,22.9648,23.8649,23.7579,23.7912,24.3909,24.6434,24.6976,22.9060,23.5156,25.7767,24.9504,23.6749,22.1469,22.0121,24.6095,23.5202,23.2094,24.3276,24.9408,23.3682,23.3982,23.0108,23.2697,23.3437,25.0322,24.6232,23.1041,23.1101,23.0243,22.8382,21.0248,24.1153,23.1774,23.3980,23.3716,23.4190,23.4470,23.4931,21.8891,22.0818,22.9744,22.7655,24.9347,22.6746,23.1883,23.0530,24.5870,24.7148,25.1203,25.2582,24.7990,23.1663,23.8077,22.8611,23.4425,23.2936,23.2272,23.1385,24.7122,0.0000,24.2922,22.8913,24.0144,24.1702,23.1591,23.1637,25.1256,23.6109,23.4286,22.6812,20.9804,23.7695,21.0079,22.5799,23.4409,24.4935,26.1918,26.2486,26.0092,24.2124,22.9032,24.4666,24.4047,24.6312,21.5001,24.6724,22.2241,22.6506,22.6121,25.3148,26.0571,22.3759,25.1106,25.2555,25.2628,25.1572,24.8415,25.2518,25.1711,25.3042,25.2650,25.2336,24.8551,23.4230,22.9573,23.1387,0.0000,23.4894,23.2430,23.4894,23.0457,23.1098,23.2566,23.6417,23.6829,26.0161,23.1922,23.5402,23.7555,23.6025,23.3341,23.3303,24.7075,23.3780,23.3341,22.6610
6.0000,24.4453,23.1384,23.1794,22.9320,22.3930,22.4152,22.2596,24.4940,23.3953,25.2335,24.3480,24.9854,23.6502,23.4492,23.1734,22.9231,23.6837,23.6986,23.6747,22.8932,22.7494,22.2580,22.4672,22.9131,22.4166,22.6895,22.7532,23.6007,26.0045,23.1107,23.2369,23.2984,26.2405,24.3177,24.2245,24.6935,23.3736,23.5959,23.3634,24.5010,25.6051,23.5995,24.4145,25.7045,26.5858,23.3699,25.0624,25.0281,22.9051,24.5893,23.9517,24.1659,25.1533,24.7178,25.0446,24.3119,23.5382,24.4426,23.0391,24.6098,24.6686,24.7013,24.4223,24.4566,24.3031,24.6624,24.6852,25.1822,24.7812,24.8258,25.8221,24.8985,24.6385,24.6724,23.6929,22.7810,23.3656,26.0458,25.2257,23.5173,22.7839,23.8311,23.3796,23.3922,23.4391,23.4585,23.4303,23.4017,23.3002,24.6007,23.4651,23.3452,23.3480,23.0894,22.9571,23.7709,23.9545,23.7165,0.0000,24.3345,24.6498,23.4270,23.0043,24.0478,23.7169,23.7557,24.3346,24.5737,24.6189,22.9426,23.5671,25.7233,25.1150,23.7407,22.2167,22.0690,24.7318,23.6695,23.2536,24.3209,24.8462,23.4178,23.4492,23.0275,23.2340,23.4021,25.2123,24.5598,23.0643,23.0703,23.0243,22.8328,21.1025,24.2600,23.2212,23.4757,23.4288,23.4731,23.5037,23.4637,21.9627,22.1555,23.0099,22.8006,24.8414,22.7153,23.1747,23.0475,24.5228,24.6459,25.3447,25.4914,24.9910,23.2063,23.8650,22.8735,23.4441,23.2981,23.2632,23.1795,24.6467,0.0000,24.2783,22.9324,23.9769,24.1297,23.2013,23.2052,25.3099,23.6585,23.4709,22.6648,20.9699,23.7264,20.9972,22.6590,23.5404,24.7258,26.5645,26.6141,26.2519,24.3604,22.9261,24.4185,24.3572,24.5654,21.5094,24.6107,22.2907,22.7270,22.6926,25.6105,26.4188,22.4607,24.9902,25.1621,25.1694,25.0625,24.7263,25.1584,25.0860,25.2232,25.1716,25.1436,24.7445,23.4651,22.9573,23.1796,0.0000,23.4628,23.2914,23.4628,23.0810,23.1467,23.2878,23.6443,23.6447,26.2575,23.2368,23.4899,23.7144,23.5420,23.3018,23.3956,24.3199,23.3819,23.3018,22.7538
7.0000,26.5552,25.0930,25.1444,24.8949,24.2924,24.2918,24.1193,26.5621,25.3966,27.3015,26.3458,27.0361,25.6974,25.1624,25.0904,24.8330,25.6154,25.6433,25.5812,24.8691,24.6739,24.1532,24.3768,24.8521,24.2870,24.5775,24.6456,25.3932,27.8647,25.0575,25.2300,25.3155,27.8873,26.4042,26.2951,26.7217,25.3655,25.5397,25.3197,26.6209,27.9256,25.5638,26.4163,28.0431,28.2699,25.3329,27.0987,27.0622,24.7978,26.6137,25.9162,26.2113,27.2473,26.7213,27.1432,26.3759,25.4661,26.4544,24.9607,26.4151,26.6633,26.6986,26.4233,26.4614,26.3349,26.6909,26.7141,27.2233,26.7882,26.8376,27.9529,26.9343,26.5263,26.6674,25.6503,24.6292,25.2807,27.9147,27.2083,25.4276,24.7954,25.7910,25.3726,25.3876,25.4479,25.4715,25.4512,25.4149,25.2939,26.6619,25.4318,25.2956,25.3005,24.9829,24.8285,25.7513,25.9381,25.5184,0.0000,26.3337,26.6646,25.3947,24.9439,26.1077,25.6372,25.6878,26.2937,26.5693,26.6091,24.8579,25.5592,27.8444,27.1061,25.7517,24.0809,23.9467,26.9253,25.6899,25.2370,26.3835,26.8548,25.3830,25.4105,24.9428,25.1786,25.3670,27.2788,26.5289,24.9875,24.9940,24.9005,24.7243,22.8632,26.2796,25.2232,25.4570,25.4221,25.4517,25.4881,25.4405,23.8018,24.0105,24.9398,24.7130,26.8496,24.6944,25.0902,24.9532,26.5312,26.6705,27.5437,27.7044,27.1246,25.1882,25.9105,24.7386,25.4181,25.2389,25.2105,25.1551,26.7108,0.0000,26.2499,24.8959,25.9434,26.1108,25.1808,25.1811,27.3411,25.6601,25.4388,24.5144,22.6850,25.6385,22.7142,24.6033,25.2978,26.8745,29.0071,29.0531,27.9244,26.3920,24.8368,26.4238,26.3560,26.5643,23.2707,26.6481,24.1548,24.6224,24.5809,27.9070,28.8399,24.3340,27.0140,27.2068,27.2146,27.0928,26.7150,27.2028,27.1201,27.2676,27.2170,27.1912,26.7364,25.4318,24.8289,25.1554,0.0000,25.3358,25.2911,25.3358,25.0156,25.0870,25.2261,25.5861,25.5457,28.0058,25.2299,25.3732,25.6343,25.4193,25.1384,25.2625,26.0888,25.3099,25.1384,24.6366
8.0000,26.9101,25.1612,25.2124,25.0442,24.4475,24.5150,24.3156,26.8477,25.5487,27.5843,26.5682,27.2872,25.8564,25.5514,25.2039,24.9746,25.6934,25.7122,25.6969,24.9602,24.8843,24.4528,24.6550,25.0242,24.5201,24.7914,24.8587,25.7478,28.1609,25.1236,25.3505,25.4341,28.1847,26.7452,26.6335,26.9625,25.5212,25.8314,25.4819,26.9801,28.3710,25.8256,26.6437,28.4963,28.5845,25.5104,27.2393,27.2026,24.9260,26.7640,26.0604,26.4164,27.4382,26.8350,27.3342,26.5881,25.5124,26.6039,25.1303,26.3604,26.8023,26.8392,26.5697,26.6085,26.5224,26.8305,26.8529,27.3686,26.9172,26.9635,28.1179,27.0465,26.5420,26.8069,25.8139,24.6292,25.3123,28.2137,27.4732,25.7229,24.8983,25.8612,25.5286,25.5438,25.6005,25.6260,25.5960,25.5597,25.4487,26.9489,25.5823,25.4530,25.4421,25.0940,24.9002,26.0236,26.2216,25.8740,0.0000,26.5532,26.9022,25.5653,25.1008,26.4319,25.7588,25.8092,26.4252,26.7063,26.7470,25.0087,25.7178,28.0051,27.3660,25.9272,24.2872,24.2192,27.1506,25.9825,25.3762,26.5964,26.9936,25.5437,25.5761,24.9854,25.3523,25.5395,27.5590,26.6645,25.1570,25.1636,24.9137,24.8489,23.0827,26.5652,25.3367,25.6478,25.5830,25.6157,25.6564,25.6193,24.0215,24.2316,25.0983,24.8917,26.9873,24.8421,25.2143,25.0789,26.6680,26.8097,27.8993,28.0673,27.4475,25.2955,26.0954,24.8699,25.5359,25.3558,25.3451,25.2908,26.8481,0.0000,26.4010,25.0447,26.0878,26.2564,25.3179,25.3159,27.6174,25.8298,25.5896,24.6797,22.8450,25.7603,22.8741,24.8712,25.6683,27.2425,29.4857,29.5360,28.2231,26.6782,24.9798,26.5717,26.5029,26.7069,23.4663,26.8056,24.3554,24.8322,24.7947,28.3317,29.3114,24.5681,27.1724,27.3482,27.3563,27.2349,26.8465,27.3442,27.2639,27.4133,27.3587,27.3350,26.8697,25.5823,24.9006,25.2911,0.0000,25.4197,25.4196,25.4196,25.1672,25.2337,25.3584,25.6434,25.6525,28.3076,25.3503,25.4785,25.7555,25.5176,25.2180,25.5082,26.0259,25.4059,25.2180,24.8886
9.0000,33.8248,31.4925,31.5599,31.3500,30.5938,30.7254,30.4616,33.7563,31.9884,34.7002,33.3503,34.2802,32.3752,32.0376,31.5280,31.2408,32.1371,32.1731,32.0493,31.2753,31.1658,30.6297,30.8802,31.3310,30.7414,31.0874,31.1766,32.2958,35.4917,31.4431,31.7380,31.8500,35.5386,33.6144,33.4669,33.8678,31.9512,32.4181,31.8968,33.9155,35.7181,32.4349,33.4504,35.8805,36.0616,31.9231,33.9864,33.9407,31.1696,33.4352,32.5646,33.0804,34.2489,33.4389,34.1781,33.3032,31.9211,33.2320,31.4304,32.6037,33.4420,33.4890,33.1814,33.2308,33.0855,33.4742,33.4962,34.1529,33.5941,33.6546,35.0994,33.7830,32.9350,33.4481,32.2633,30.7991,31.6805,35.5634,34.5545,32.2798,31.1639,32.3706,31.9609,31.9802,32.0558,32.0905,32.0505,32.0047,31.8652,33.8700,32.0163,31.8577,31.8442,31.3760,31.1337,32.6826,32.9335,32.4572,0.0000,33.3293,33.7904,32.0044,31.4250,33.2147,32.1422,32.2197,32.9769,33.3248,33.3733,31.2962,32.1925,34.9565,34.4109,32.4558,30.4167,30.3554,34.0135,32.6371,31.7642,33.3120,33.6786,31.9756,32.0135,31.2615,31.7166,31.9749,34.6644,33.2727,31.4633,31.4714,31.1636,31.0584,28.9393,33.3750,31.7227,32.1216,32.0309,32.0715,32.1269,32.0663,30.1004,30.3674,31.4109,31.1523,33.6699,31.0969,31.5045,31.3458,33.2784,33.4486,35.1029,35.3210,34.5168,31.6665,32.6965,31.0888,31.9753,31.7318,31.7181,31.6552,33.4952,0.0000,32.9180,31.3506,32.5978,32.8038,31.6899,31.6845,34.7419,32.3430,32.0260,30.8667,28.6021,32.1257,28.6369,31.3598,32.1910,34.2506,37.1352,37.2233,35.5870,33.5206,31.2492,33.1887,33.1031,33.3332,29.4574,33.4408,30.5127,31.1251,31.0911,35.6485,36.9116,30.8051,33.9141,34.1224,34.1322,33.9752,33.4885,34.1174,34.0215,34.2087,34.1353,34.1090,33.5192,32.0163,31.1342,31.6555,0.0000,31.7433,31.8261,31.7433,31.4962,31.5810,31.7285,32.0893,32.0072,35.6926,31.7378,31.7647,32.1377,31.8056,31.4751,31.9495,32.1869,31.7843,31.4751,31.2125
10.0000,37.3022,34.7130,34.7900,34.5441,33.7053,33.8515,33.5626,37.1748,35.2578,38.1994,36.7253,37.7159,35.6976,35.2866,34.7031,34.4029,35.3473,35.4100,35.2181,34.4481,34.3380,33.7452,34.0232,34.5201,33.8688,34.2462,34.3420,35.5712,38.9831,34.6570,34.9722,35.0926,38.9577,37.0619,36.8974,37.2901,35.2165,35.7152,35.1531,37.4047,39.4417,35.7189,36.8352,39.6253,39.5384,35.1299,37.3561,37.3051,34.3120,36.8069,35.8723,36.4210,37.6474,36.7263,37.6115,36.6719,35.1514,36.5990,34.5865,35.5810,36.7723,36.8209,36.5333,36.5893,36.3621,36.8037,36.8214,37.5401,36.9450,37.0133,38.5912,37.1552,36.0463,36.7786,35.4973,33.9444,34.8884,39.0635,38.0148,35.5587,34.3417,35.6279,35.2275,35.2496,35.3336,35.3737,35.3247,35.2742,35.1243,37.3007,35.2868,35.1088,35.0909,34.5717,34.3079,35.9973,36.2732,35.7481,0.0000,36.7026,37.2029,35.2724,34.6221,36.6212,35.3383,35.4387,36.2652,36.6446,36.6970,34.4823,35.4862,38.4332,37.8627,35.7848,33.5235,33.4352,37.4533,35.9837,35.0045,36.6824,37.0261,35.2415,35.2839,34.4564,34.9017,35.2471,38.1580,36.5888,34.6224,34.6314,34.3420,34.1813,31.8833,36.7574,34.9552,35.4231,35.3058,35.3506,35.4144,35.2855,33.1628,33.4571,34.6118,34.3268,37.0180,34.2653,34.6667,34.4977,36.5935,36.7758,38.6919,38.9330,38.0305,34.8958,36.0305,34.2424,35.1795,34.9227,34.9514,34.8830,36.8311,0.0000,36.1597,34.5448,35.9080,36.1296,34.9220,34.9170,38.2295,35.6441,35.2975,34.0301,31.5536,35.3050,31.5909,34.8586,35.4554,37.7716,40.9957,41.0837,39.0197,36.9170,34.4148,36.5477,36.4519,36.6803,32.5979,36.7590,33.6192,34.2891,34.2504,39.3379,40.7469,33.9396,37.2565,37.5056,37.5170,37.3494,36.8184,37.5002,37.3998,37.6012,37.5201,37.4855,36.8487,35.2868,34.3084,34.8834,0.0000,34.8662,35.0719,34.8662,34.7062,34.7998,34.9640,35.3291,35.1681,39.1625,34.9719,34.8881,35.3329,34.9332,34.5450,35.2032,35.1262,34.9840,34.5450,34.3862
11.0000,37.4194,34.7324,34.8111,34.5669,33.7173,33.8961,33.6064,37.2721,35.2902,38.3047,36.7966,37.7792,35.7339,35.3337,34.6877,34.4240,35.2490,35.3343,35.0581,34.4705,34.3696,33.7697,34.0511,34.5472,33.9180,34.2950,34.3893,35.6230,39.1125,34.6747,34.9722,35.0985,39.0979,37.1757,37.0046,37.3709,35.2512,35.7852,35.1912,37.5248,39.6225,35.7939,36.9090,39.8116,39.6909,35.2953,37.3251,37.2746,34.3158,36.7847,35.8495,36.5715,37.6215,36.6584,37.6792,36.8159,35.1091,36.5723,34.7492,35.3281,36.7276,36.7762,36.5033,36.5586,36.3146,36.7633,36.7770,37.5100,36.8962,36.9631,38.5725,37.0795,35.8831,36.7336,35.6680,33.9600,34.8613,39.1946,38.1145,35.6241,34.3622,35.5119,35.2625,35.2839,35.3680,35.4106,35.3506,35.2990,35.1601,37.3944,35.3294,35.1462,35.1228,34.5921,34.3267,36.0740,36.3527,35.7993,0.0000,36.7725,37.2827,35.3122,34.6478,36.7306,35.2420,35.3781,36.2155,36.6027,36.6522,34.5144,35.5349,38.4095,37.9584,35.8399,33.5830,33.4605,37.4620,36.0853,35.0279,36.8196,36.9894,35.2836,35.3286,34.4750,35.0662,35.2965,38.2596,36.5455,34.7855,34.7945,34.3424,34.1691,31.9296,36.8435,34.9505,35.4927,35.3432,35.3961,35.4631,35.4548,33.2028,33.4996,34.6390,34.3537,36.9822,34.2877,34.6428,34.4854,36.5533,36.7348,38.8100,39.0546,38.1370,34.9001,36.1067,34.2325,35.1771,34.9122,34.9789,34.9039,36.7868,0.0000,172.6913,34.5674,35.8849,36.1049,34.9439,34.9360,38.3326,35.7055,35.3405,34.0107,31.5488,35.0893,31.5855,34.9491,35.5050,37.8967,41.1626,41.2316,39.1604,37.0054,34.4376,36.5196,36.4239,36.6447,32.6198,36.7153,33.6645,34.3376,34.2992,39.4837,40.9107,33.9906,37.2090,37.4743,37.4854,37.3179,36.7866,37.4688,37.3696,37.5712,37.4887,37.4545,36.8103,35.3294,34.3272,34.9043,0.0000,34.7137,35.0801,34.7137,34.7334,34.8271,34.9941,35.2728,35.0099,39.3033,34.9720,34.7110,35.2360,34.7585,34.3685,35.2446,34.8745,34.9447,34.3685,34.4403
12.0000,46.8907,43.3870,43.4882,43.1779,42.1213,42.3705,41.9965,46.6650,44.0816,47.9588,46.0245,47.2518,44.5964,44.2143,43.3149,42.9943,44.0061,44.1232,43.7136,43.0239,42.9462,42.1998,42.5490,43.1620,42.4058,42.8716,42.9919,44.5766,49.0122,43.3131,43.6570,43.8124,49.0059,46.5796,46.3554,46.7571,44.0365,44.7763,43.9684,47.0266,49.7324,44.7891,46.1664,49.9763,49.7651,44.0863,46.5977,46.5351,42.8484,45.9553,44.8035,45.7182,46.9425,45.7230,47.0782,46.0333,43.8497,45.6900,43.4018,43.9048,45.8425,45.9045,45.5951,45.6676,45.3031,45.8779,45.8907,46.8356,46.0589,46.1447,48.1514,46.3110,44.6766,45.8505,44.5384,42.4225,43.5403,49.1182,47.7177,44.5721,42.9160,44.3446,44.0509,44.0796,44.1790,44.2339,44.1445,44.0820,43.9231,46.8110,44.1510,43.9119,43.8812,43.2115,42.8800,45.1403,45.4922,44.7962,0.0000,45.9935,46.6455,44.1220,43.2872,46.0107,43.9557,44.1442,45.1930,45.6820,45.7470,43.1180,44.4127,47.9469,47.5159,44.8044,41.9517,41.8265,46.8960,45.1793,43.7488,46.0402,46.1772,44.0832,44.1384,43.0653,43.7985,44.1008,47.8981,45.6075,43.4466,43.4579,42.9010,42.6570,39.9199,46.1132,43.6293,44.3478,44.1555,44.2255,44.3122,44.2816,41.4997,41.8732,43.2737,42.9174,46.1679,42.8291,43.2425,43.0519,45.6189,45.8422,48.6386,48.9523,47.7697,43.5738,45.1359,42.7496,43.9266,43.5964,43.6972,43.5926,45.9050,0.0000,172.6913,43.1785,44.8465,45.1148,43.6415,43.6212,47.9960,44.6316,44.1650,42.5207,39.4829,43.7495,39.5266,43.8795,44.4294,47.5019,51.6915,51.7928,49.0837,46.3182,43.0129,45.6211,45.5023,45.7433,40.8625,45.8119,42.0686,42.9186,42.8767,49.5356,51.3673,42.5017,46.4546,46.7833,46.7975,46.5949,45.9277,46.7764,46.6591,46.9122,46.8015,46.7569,45.9530,44.1510,42.8807,43.5930,0.0000,43.3104,43.7974,43.3104,43.3914,43.5080,43.7200,44.0509,43.6620,49.2614,43.6569,43.2657,43.9471,43.3303,42.8720,44.0601,43.3357,43.6362,42.8720,43.0688
13.0000,47.0558,43.6106,43.7153,43.3247,42.2502,42.4817,42.1385,46.8884,44.2512,48.2164,46.2400,47.4722,44.7980,44.0928,43.4443,43.1112,44.1679,44.3117,43.7987,43.2269,43.0181,42.1182,42.5009,43.2771,42.5203,43.0099,43.1318,44.5303,49.3100,43.5355,43.8218,43.9878,49.3080,46.7522,46.5095,46.9814,44.2056,44.8726,44.1342,47.1947,49.9624,44.9607,46.3857,50.2119,50.0863,44.1397,46.6952,46.6323,42.9507,46.0541,44.9013,45.7756,47.0962,45.8124,47.1569,46.0914,44.0693,45.7829,43.4574,43.8734,45.9345,45.9960,45.6862,45.7584,45.5123,45.9725,45.9913,46.9161,46.1535,46.2400,48.2501,46.3928,44.7234,45.9428,44.5964,42.6854,43.7717,49.4199,47.9729,44.6535,43.0788,44.5397,44.2202,44.2504,44.3483,44.4029,44.3182,44.2533,44.0920,47.0168,44.3388,44.0814,44.0602,43.3987,43.0940,45.2998,45.6475,44.7496,0.0000,46.2065,46.8698,44.2900,43.4162,46.1783,44.0405,44.2483,45.2915,45.7772,45.8396,43.2699,44.6032,48.0440,47.7649,44.9942,42.0960,41.8369,47.1314,45.3376,43.9149,46.0975,46.2686,44.2554,44.3057,43.3039,43.8531,44.2767,48.1527,45.7042,43.5021,43.5135,43.1535,42.7490,40.0706,46.2919,43.7929,44.5420,44.3261,44.4010,44.4886,44.3333,41.6213,41.9883,43.4077,43.0129,46.2598,42.9753,43.3402,43.1509,45.7155,45.9369,48.8728,49.1951,47.9903,43.7525,45.3425,42.8108,44.1030,43.7416,43.8735,43.7579,45.9999,0.0000,172.6913,43.3259,44.9439,45.2112,43.8087,43.7904,48.2568,44.8281,44.3531,42.6465,39.6037,43.8436,39.6474,44.0766,44.3488,47.6947,51.9764,52.0907,49.3853,46.5047,43.1350,45.7131,45.5952,45.8284,41.0159,45.9512,42.2072,43.0560,43.0140,49.7905,51.6470,42.6117,46.5399,46.8822,46.8962,46.6842,46.0184,46.8752,46.7453,46.9925,46.9002,46.8553,46.0519,44.3388,43.0947,43.7583,0.0000,43.4056,43.9644,43.4056,43.5378,43.6623,43.9042,44.2608,43.7528,49.5643,43.8217,43.3381,44.0307,43.4080,42.9372,44.1204,43.3325,43.7890,42.9372,43.1734
14.0000,47.0156,43.6023,43.7084,43.3095,42.2307,42.4541,42.1073,46.9009,44.2458,48.2359,46.2360,47.4563,44.7572,44.0817,43.3863,43.0753,44.0858,44.2443,43.7106,43.2188,42.9923,42.0825,42.4698,43.2546,42.4932,42.9790,43.1038,44.5160,49.3617,43.5264,43.8218,43.9866,49.3568,46.7241,46.4786,46.9789,44.1994,44.8535,44.1234,47.1518,49.8644,44.9641,46.3801,50.1089,50.1323,44.0853,46.6319,46.5697,42.9007,45.9450,44.7909,45.7196,46.9695,45.7354,47.0828,46.0372,44.0181,45.6836,43.4019,43.7900,45.8678,45.9302,45.5975,45.6675,45.3877,45.8973,45.9132,46.8450,46.0933,46.1820,48.1549,46.3795,44.6524,45.8761,44.5335,42.6700,43.7321,49.4754,47.9921,44.6388,43.0691,44.4635,44.2141,44.2459,44.3435,44.3986,44.3154,44.2510,44.0876,47.0227,44.3271,44.0701,44.0477,43.3810,43.0772,45.3073,45.6483,44.7296,0.0000,46.2027,46.8692,44.2808,43.3922,46.1510,43.9565,44.1785,45.2194,45.7075,45.7722,43.2514,44.5909,47.9516,47.7796,44.9793,42.0491,41.7906,47.0878,45.3119,43.9059,46.0431,46.2008,44.2462,44.2970,43.2917,43.7977,44.2513,48.1691,45.6321,43.4463,43.4576,43.1295,42.6943,40.0451,46.2950,43.7947,44.4904,44.3198,44.3946,44.4848,44.2791,41.5956,41.9616,43.3923,42.9977,46.1912,42.9604,43.2812,43.0957,45.6442,45.8620,48.9066,49.2339,48.0108,43.7503,45.3560,42.7772,44.0278,43.6779,43.8603,43.7481,45.9237,0.0000,172.6913,43.3109,44.8346,45.1061,43.7974,43.7724,48.2739,44.8294,44.3416,42.5049,39.4636,43.7516,39.5075,43.9408,44.3363,47.6795,51.9971,52.1253,49.4337,46.5086,43.1016,45.6182,45.4999,45.7669,40.8783,45.8570,42.1739,43.0229,42.9829,49.7892,51.6646,42.5844,46.4781,46.8181,46.8316,46.6108,45.9483,46.8111,46.6760,46.9211,46.8358,46.7902,45.9937,44.3271,43.0779,43.7485,0.0000,43.2964,43.9636,43.2963,43.5231,43.6481,43.8899,44.2009,43.6536,49.6154,43.8217,43.2453,43.9456,43.3158,42.8121,44.1095,43.2505,43.7272,42.8121,43.1500
15.0000,46.4920,43.3922,43.4991,43.0928,42.0190,42.1787,41.8220,46.3367,44.0171,47.7180,45.8260,46.9542,44.4871,43.5035,43.0821,42.7868,43.7122,43.9088,43.3382,43.0710,42.8102,42.0853,42.4236,43.0432,42.1918,42.6376,42.7527,43.9821,48.8859,43.3163,43.6570,43.8226,48.8700,46.2376,45.9947,46.5378,43.9612,44.4300,43.8555,46.6183,49.1291,44.5132,45.9577,49.3554,49.6462,43.6910,46.2743,46.2127,42.6116,45.5029,44.3422,45.2804,46.5679,45.3633,46.6365,45.5862,43.7059,45.2302,43.0345,43.4230,45.5074,45.5724,45.1653,45.2310,44.9922,45.5262,45.5410,46.4906,45.7163,45.7995,47.7443,45.9437,44.2871,45.5157,44.1797,42.4378,43.4426,48.9999,47.5259,44.1944,42.8435,44.1232,43.9756,44.0050,44.1175,44.1725,44.1050,44.0436,43.8555,46.4820,44.0436,43.8027,43.7823,43.1206,42.8271,44.8436,45.1631,44.1931,0.0000,45.8007,46.4371,44.0052,43.1669,45.6933,43.5980,43.8386,44.8631,45.3469,45.4123,42.9809,44.3045,47.5434,47.3193,44.6890,41.7821,41.7185,46.8693,44.9077,43.6830,45.5873,45.8418,43.9831,44.0323,43.0706,43.4160,43.9812,47.6525,45.2707,43.0789,43.0902,42.8759,42.4050,39.7611,45.7839,43.6428,44.2165,44.0716,44.1356,44.2292,43.8738,41.3166,41.6856,43.1605,42.7834,45.8305,42.7454,42.9753,42.7974,45.2824,45.4917,48.1683,48.4606,47.3667,43.5745,44.9935,42.4832,43.7155,43.3692,43.6060,43.5271,45.5549,0.0000,172.6913,43.0941,44.3866,44.6606,43.5739,43.5458,47.7717,44.5035,44.0575,42.0668,39.0529,43.3759,39.0966,43.2646,43.7819,47.0801,50.8732,51.0360,48.9471,45.9888,42.8158,45.1738,45.0599,45.3713,40.3908,45.4749,41.8936,42.7081,42.6427,48.9643,50.5877,42.2807,46.1405,46.4599,46.4729,46.2479,45.5885,46.4529,46.3176,46.5660,46.4771,46.4351,45.6449,44.0436,42.8278,43.5275,0.0000,42.8591,43.7847,42.8591,43.2846,43.4057,43.6239,43.8730,43.2588,49.1339,43.6567,42.8729,43.5861,42.9419,42.3321,43.7274,42.8923,43.4106,42.3321,42.8056
16.0000,37.2213,34.7397,34.8257,34.4825,33.6188,33.7387,33.4693,37.0703,35.2399,38.1428,36.6662,37.5306,35.5859,34.9846,34.4658,34.2210,34.9785,35.1650,34.6667,34.4970,34.1991,33.4890,33.7921,34.4170,33.7596,34.1581,34.2575,35.3191,39.1131,34.6791,34.9722,35.1032,39.1048,37.0202,36.8209,37.2198,35.1942,35.5771,35.1084,37.3230,39.3444,35.6228,36.7753,39.5266,39.7237,34.9206,37.0266,36.9771,34.0776,36.3753,35.4372,36.1667,37.2514,36.3027,37.2749,36.4072,34.9983,36.1540,34.4020,34.7594,36.4206,36.4730,36.1114,36.1628,36.0086,36.4302,36.4420,37.1963,36.5926,36.6607,38.1902,36.8115,35.4551,36.4272,35.3273,33.9731,34.7924,39.2055,38.0117,35.4041,34.3056,35.3753,35.2056,35.2296,35.3195,35.3624,35.3163,35.2681,35.1091,37.1859,35.2455,35.0636,35.0446,34.5134,34.2807,35.8887,36.1528,35.4886,0.0000,36.6436,37.1436,35.2283,34.5242,36.5811,34.8699,35.0700,35.8980,36.2900,36.3446,34.3970,35.4528,38.0301,37.8466,35.7557,33.4132,33.2482,37.4744,35.9455,34.9713,36.4076,36.6834,35.2090,35.2494,34.4804,34.7038,35.1997,38.0904,36.2276,34.4378,34.4467,34.3303,33.9078,31.8146,36.6394,34.9666,35.3714,35.2815,35.3321,35.4082,35.0661,33.0547,33.3466,34.5294,34.2154,36.6737,34.2051,34.3698,34.2266,36.2358,36.4026,38.5076,38.7418,37.8793,34.9011,35.9877,33.9813,34.9628,34.6914,34.9035,34.8463,36.4570,0.0000,172.6913,34.4841,35.4733,35.6961,34.8825,34.8571,38.1925,35.6039,35.2564,33.5959,31.1527,34.6990,31.1895,34.2683,35.1805,37.6794,40.6346,40.7604,39.1646,36.7999,34.2473,36.1126,36.0223,36.2961,32.1325,36.3885,33.5216,34.1933,34.1620,39.1432,40.4148,33.8337,36.9305,37.1753,37.1858,37.0064,36.4772,37.1698,37.0597,37.2564,37.1891,37.1526,36.5367,35.2455,34.2813,34.8467,0.0000,34.2466,35.0699,34.2466,34.6339,34.7342,34.9159,35.1344,34.5903,39.3109,34.9719,34.2968,34.8596,34.3498,33.7945,35.0639,34.3376,34.7436,33.7946,34.2634
17.0000,28.9929,26.9741,27.0393,26.7782,26.1095,26.1951,25.9748,28.8890,27.3855,29.7769,28.5529,29.2592,27.6466,27.2114,26.5402,26.3710,27.0257,27.1828,26.7514,26.8082,26.5370,25.9748,26.2147,26.7022,26.2201,26.5354,26.6154,27.4756,30.8499,26.9277,27.1805,27.2784,31.0846,28.8227,28.6653,29.0074,27.3509,27.6686,27.2775,29.0760,30.7297,27.7392,28.6307,30.8787,31.5723,26.9003,28.5341,28.4964,26.2056,28.0423,27.2990,27.8573,28.7681,28.0389,28.7359,28.0398,27.0943,27.8691,26.5033,26.8938,28.0957,28.1342,27.8368,27.8758,27.8245,28.1246,28.1374,28.6875,28.2319,28.2852,29.4769,28.4183,27.4186,28.1009,27.2204,26.3745,26.9407,30.9215,29.7494,27.5379,26.6552,27.3472,27.3596,27.3771,27.4476,27.4807,27.4460,27.4087,27.2837,28.9751,27.3769,27.2408,27.2245,26.8039,26.6194,27.9510,28.1472,27.6111,0.0000,28.5377,28.9552,27.3711,26.7694,28.4670,26.9149,27.0840,27.7134,28.0024,28.0396,26.6590,27.5360,29.3532,29.5957,27.7718,25.9184,25.7882,29.0792,27.9441,27.1734,28.0411,28.2870,27.3525,27.3844,26.7717,26.7347,27.3493,29.7324,27.9604,26.5310,26.5379,26.6246,26.1070,24.7095,28.5369,27.1733,27.4842,27.4160,27.4486,27.5081,27.0114,25.6618,25.8897,26.8150,26.5711,28.2795,26.5633,26.4851,26.3524,27.9645,28.1033,30.0095,30.1991,29.5177,27.1192,27.9570,26.1431,26.9072,26.7067,27.1125,27.0754,28.1448,0.0000,172.6913,26.7799,27.3278,27.5056,27.1035,27.0842,29.8545,27.6575,27.3855,25.8419,23.9357,26.7811,23.9654,26.1550,27.3663,29.3338,31.6303,31.7301,31.1056,28.6655,26.4138,27.8366,27.7653,27.9889,24.6108,28.1034,26.0148,26.5495,26.5381,30.4719,31.4586,26.2777,28.4566,28.6454,28.6537,28.5282,28.1249,28.6414,28.5801,28.7340,28.6562,28.6192,28.1843,27.3769,26.6199,27.0757,0.0000,26.4391,27.2559,26.4391,26.8983,26.9768,27.1205,27.1835,26.6974,31.1446,27.1803,26.4689,26.9064,26.5079,26.0821,27.2541,26.5592,26.7953,26.0821,26.6235
18.0000,27.0226,25.1696,25.2307,24.9634,24.3385,24.4165,24.1963,26.8938,25.5299,27.7195,26.6040,27.2435,25.7938,25.2611,24.4926,24.3461,25.0942,25.2411,24.8413,24.9991,24.7616,24.3423,24.5396,24.8871,24.4358,24.7057,24.7756,25.5339,28.6955,25.1266,25.3475,25.4393,28.9066,26.8501,26.7101,27.0214,25.4960,25.7691,25.4213,27.1019,28.6824,25.8427,26.6775,28.8249,29.3545,24.9301,26.6027,26.5673,24.1264,26.1356,25.4568,25.8409,26.7876,26.1071,26.7072,26.0171,25.2083,25.9836,24.5553,25.0744,26.1595,26.1980,25.9457,25.9839,25.8988,26.1773,26.1912,26.7221,26.2825,26.3315,27.4405,26.4262,25.5589,26.1639,25.2137,24.6292,25.0872,28.7606,27.6959,25.6374,24.8468,25.3892,25.5042,25.5212,25.5876,25.6180,25.5884,25.5539,25.4342,26.9806,25.5240,25.3875,25.3785,24.9928,24.8350,26.0373,26.2142,25.6599,0.0000,26.5892,26.9729,25.5100,24.9284,26.5162,24.9907,25.1594,25.7732,26.0539,26.1037,24.7764,25.6728,27.3261,27.5563,25.8942,24.1610,24.1284,27.1327,26.0250,25.3341,26.0230,26.3513,25.4921,25.5199,24.9891,24.7738,25.4887,27.6787,26.0091,24.5810,24.5874,24.8401,24.1003,23.0280,26.5752,25.3402,25.6155,25.5561,25.5824,25.6381,25.0353,23.9176,24.1311,24.9972,24.7699,26.3440,24.7632,24.4946,24.3268,26.0112,26.1570,27.9489,28.1216,27.4886,25.2939,26.0622,24.0569,24.8432,24.6485,25.2761,25.2432,26.1926,0.0000,172.6913,24.9652,25.4832,25.6441,25.2702,25.2546,27.7922,25.7837,25.5321,24.1143,22.3406,24.8664,22.3680,24.4827,25.4201,27.3301,29.4960,29.5854,28.9255,26.6943,24.4100,25.9509,25.8821,26.0738,22.9907,26.1595,24.2378,24.7279,24.7085,28.4009,29.3348,24.4922,26.5212,26.7100,26.7175,26.5887,26.2013,26.7060,26.6232,26.7654,26.7199,26.6932,26.2670,25.5240,24.8354,25.2435,0.0000,24.5538,25.4157,24.5538,25.0753,25.1488,25.2847,25.2693,24.7937,28.9622,25.3473,24.5807,24.9823,24.6155,24.2243,25.3632,24.7615,24.7893,24.2243,24.8038
19.0000,27.1122,25.1830,25.2437,24.9812,24.3585,24.4255,24.2176,26.9951,25.5767,27.8212,26.6756,27.3342,25.8662,25.4186,24.3690,24.2309,25.0801,25.2118,24.9056,25.0166,24.7256,24.2069,24.4288,24.8702,24.4572,24.7502,24.8221,25.6636,28.7964,25.1394,25.3827,25.4773,29.0074,26.9267,26.7883,27.1055,25.5438,25.8401,25.4677,27.1943,28.8314,25.9317,26.7492,28.9790,29.4636,25.0163,26.7384,26.7026,23.9638,26.2947,25.6275,25.9583,26.9040,26.2272,26.8386,26.1420,25.1912,26.1550,24.6319,25.2310,26.2885,26.3283,26.1076,26.1496,25.9899,26.2903,26.3038,26.8592,26.4196,26.4717,27.5722,26.5837,25.7046,26.2933,25.2840,24.6292,25.0773,28.8621,27.7875,25.7196,24.8869,25.3633,25.5523,25.5698,25.6353,25.6674,25.6316,25.5974,25.4831,27.0903,25.5498,25.4302,25.4153,25.0205,24.8530,26.1302,26.3090,25.7852,0.0000,26.6605,27.0537,25.5628,24.9051,26.5888,25.0326,25.1966,25.8559,26.1600,26.2298,24.7714,25.6938,27.4566,27.6457,25.9017,24.1810,24.0410,27.2402,26.0897,25.3725,26.1505,26.4862,25.5383,25.5698,24.9983,24.8560,25.5405,27.7793,26.1053,24.6577,24.6641,24.8373,23.9980,23.0482,26.6768,25.3797,25.6770,25.6067,25.6294,25.6865,25.1246,23.9289,24.1410,25.0180,24.7905,26.4787,24.7815,24.4325,24.2236,26.1065,26.2692,28.1398,28.3268,27.6407,25.3236,26.1094,23.8678,24.7552,24.5371,25.3099,25.2792,26.3022,0.0000,25.4446,24.9837,25.6536,25.8108,25.3078,25.2997,27.8890,25.8177,25.5582,24.2927,22.5304,24.9591,22.5568,24.8534,25.5625,27.4547,29.8667,29.9453,29.0266,26.7982,24.3110,26.1192,26.0470,26.2190,23.2457,26.2655,24.2570,24.7614,24.7526,28.6229,29.6812,24.5135,26.6550,26.8465,26.8542,26.7274,26.3405,26.8425,26.7605,26.9024,26.8566,26.8280,26.4128,25.5498,24.8533,25.2795,0.0000,24.5672,25.4536,24.5672,25.0999,25.1765,25.3164,25.2478,24.8417,29.0665,25.3824,24.6457,25.0237,24.6792,24.2400,25.4505,24.9168,24.7027,24.2400,24.8435
20.0000,37.3503,34.7155,34.7967,34.4605,33.6020,33.6434,33.3579,37.1973,35.2855,38.3878,36.8282,37.7258,35.7026,35.0496,33.4399,33.2797,34.5312,34.6989,34.3620,34.4499,34.0762,33.3560,33.6647,34.2827,33.6814,34.0779,34.1769,35.3875,39.7471,34.6555,34.9722,35.0947,40.0388,37.0999,36.9076,37.4153,35.2448,35.6049,35.1695,37.4626,39.7021,35.7732,36.9291,39.9040,40.6738,34.4686,37.0217,36.9723,32.8448,36.4216,35.5231,35.7894,37.2123,36.3113,37.0715,36.0486,34.6905,36.2437,33.9329,35.1003,36.3864,36.4425,36.1700,36.2311,35.9808,36.3701,36.3939,37.1615,36.5691,36.6419,38.1396,36.8057,35.6813,36.3929,34.8269,33.9648,34.5433,39.8378,38.3534,35.4473,34.3429,34.9036,35.2566,35.2810,35.3648,35.4093,35.3472,35.2984,35.1582,37.3489,35.3525,35.1244,35.1021,34.5888,34.3251,36.0313,36.2748,35.5618,0.0000,36.8048,37.3436,35.2993,34.3133,36.6330,34.5440,34.7756,35.7364,36.1825,36.3037,34.1581,35.5652,37.9824,38.1572,35.8987,33.3083,33.1177,37.6069,35.9429,35.0111,36.0619,36.6634,35.2686,35.3154,34.4660,34.2457,35.2728,38.3308,36.0950,33.9686,33.9774,34.2390,32.9594,31.7069,36.7806,34.9405,35.4660,35.3386,35.3895,35.4652,34.6203,32.9631,33.2531,34.5603,34.2769,36.6527,34.1856,33.6038,33.2692,36.0952,36.3402,38.8075,39.0692,38.1138,34.8955,36.1796,32.6970,33.9916,33.6779,34.9537,34.8843,36.3822,0.0000,35.1817,34.4645,35.5586,35.7687,34.9244,34.9001,38.4844,35.7613,35.3643,33.7016,31.2878,34.4395,31.3227,34.7948,35.2478,37.8374,41.1921,41.3243,40.0638,36.9474,33.4097,36.1921,36.0898,36.3072,32.4032,36.3490,33.4118,34.0997,34.0814,39.4599,40.9322,33.7567,36.9022,37.1724,37.1826,36.9985,36.4654,37.1666,37.0308,37.2213,37.1860,37.1506,36.5805,35.3525,34.3257,34.8846,0.0000,33.8567,35.0799,33.8566,34.6709,34.7723,34.9865,34.7589,34.2620,40.1200,34.9719,34.0019,34.5312,34.0490,33.4127,35.1266,34.6501,33.9382,33.4127,34.2215
21.0000,37.2230,34.6816,34.7620,34.4189,33.5603,33.5874,33.3018,37.1781,35.2591,38.3728,36.8116,37.7073,35.6667,35.1112,33.2095,33.0668,34.4090,34.5756,34.2720,34.4314,34.0100,33.2890,33.5975,34.2135,33.6303,34.0269,34.1260,35.4216,39.7547,34.6220,34.9722,35.0964,40.0426,37.0027,36.8116,37.3968,35.2164,35.5640,35.1355,37.3268,39.3922,35.7484,36.9175,39.5784,40.6866,34.3367,37.0842,37.0350,32.5740,36.5086,35.6281,35.6711,37.3048,36.4074,37.0353,35.9363,34.5996,36.3449,33.8108,35.5015,36.4460,36.5033,36.2620,36.3263,36.0775,36.4143,36.4480,37.2279,36.6265,36.6988,38.1880,36.8312,35.9432,36.4527,34.7110,33.9236,34.4627,39.8480,38.3431,35.4257,34.3170,34.7809,35.2281,35.2532,35.3373,35.3805,35.3276,35.2804,35.1298,37.3362,35.3129,35.0878,35.0669,34.5501,34.2856,36.0007,36.2542,35.5959,0.0000,36.7862,37.3263,35.2656,34.2320,36.5450,34.4668,34.7134,35.7388,36.2182,36.3615,34.0690,35.5251,38.0315,38.1456,35.8553,33.2524,33.0553,37.5919,35.8725,34.9847,35.9537,36.7259,35.2325,35.2780,34.4293,34.1193,35.2370,38.3156,36.1187,33.8466,33.8554,34.1845,32.7544,31.6588,36.7635,34.9443,35.4270,35.3086,35.3545,35.4316,34.4824,32.9076,33.1975,34.4951,34.1815,36.7148,34.1449,33.4410,33.0623,36.1181,36.3831,38.8086,39.0744,38.1083,34.8873,36.1411,32.4113,33.7779,33.4523,34.9177,34.8580,36.4239,0.0000,34.9898,34.4234,35.6631,35.8680,34.8979,34.8721,38.4689,35.7208,35.3247,33.8274,31.4338,34.3448,31.4674,35.0600,35.2944,37.7554,41.2184,41.3599,40.0663,36.9317,33.2149,36.2904,36.1852,36.3816,32.5886,36.4179,33.3557,34.0449,34.0303,39.4179,40.9481,33.7073,36.9634,37.2344,37.2447,37.0624,36.5291,37.2286,37.0968,37.2884,37.2480,37.2110,36.6546,35.3129,34.2862,34.8583,0.0000,33.7413,35.0740,33.7413,34.6144,34.7207,34.9496,34.6545,34.1632,40.1238,34.9719,33.9103,34.4534,33.9581,33.2955,35.1277,35.0477,33.7498,33.2955,34.1792
22.0000,37.2622,34.6856,34.7654,34.4251,33.5678,33.5951,33.3089,37.1335,35.2622,38.3105,36.7854,37.6612,35.6835,35.1155,33.1900,33.0587,34.3901,34.5576,34.4056,34.4210,34.0175,33.3035,33.6093,34.2197,33.6382,34.0328,34.1332,35.4243,39.6135,34.6263,34.9722,35.0967,39.8981,37.0360,36.8419,37.3616,35.2203,35.5737,35.1432,37.3684,39.4824,35.7410,36.8890,39.6729,40.5462,34.5102,37.4410,37.3910,32.5575,36.8498,35.9824,35.8748,37.6291,36.7695,37.3008,36.1487,34.5821,36.7208,33.9760,36.2523,36.7922,36.8506,36.6255,36.6948,36.3842,36.7177,36.7600,37.5925,36.9896,37.0677,38.5072,37.2452,36.5017,36.7988,34.8771,33.9282,34.4547,39.7002,38.2684,35.4291,34.3230,34.7572,35.2319,35.2566,35.3400,35.3828,35.3284,35.2816,35.1326,37.3026,35.3228,35.0964,35.0766,34.5700,34.2998,35.9978,36.2440,35.5984,0.0000,36.7608,37.2897,35.2735,34.2368,36.5732,34.6061,34.8569,35.9815,36.5252,36.7057,34.0726,35.5336,38.3528,38.0786,35.8622,33.2560,33.0710,37.5731,35.8913,34.9902,36.1687,37.0821,35.2415,35.2884,34.4336,34.2899,35.2438,38.2547,36.3989,34.0122,34.0210,34.1828,32.7876,31.6662,36.7430,34.9434,35.4321,35.3129,35.3624,35.4391,34.6589,32.9165,33.2057,34.5045,34.1907,37.0711,34.1510,33.5092,33.0958,36.4025,36.6846,38.7749,39.0370,38.0748,34.8883,36.1361,32.4106,33.7480,33.4306,34.9287,34.8641,36.7181,0.0000,35.1380,34.4296,36.0183,36.2241,34.9042,34.8822,38.3961,35.7235,35.3345,34.1618,31.7294,34.4821,31.7641,35.4149,35.2980,37.7834,41.1868,41.3296,39.9208,36.9075,33.2085,36.6618,36.5491,36.7349,32.9017,36.7295,33.3627,34.0518,34.0362,39.4353,40.9241,33.7184,37.3145,37.5932,37.6036,37.4229,36.8936,37.5873,37.4585,37.6537,37.6070,37.5694,37.0165,35.3228,34.3003,34.8644,0.0000,33.7319,35.0744,33.7319,34.6242,34.7312,34.9628,34.6339,34.2520,39.9779,34.9719,34.0416,34.5921,34.0924,33.2608,35.1341,35.7811,33.7309,33.2608,34.1858
23.0000,45.8603,42.7577,42.8708,42.6756,41.6981,41.0612,40.7138,46.0934,44.4196,47.5893,45.7923,46.8256,44.4620,43.8149,36.1179,24.3537,40.1806,40.4448,39.8385,42.8554,41.5428,40.9087,41.2099,41.7164,41.1789,41.6243,41.7359,44.0979,49.2068,42.6835,43.6570,43.9119,49.5559,45.5554,45.3507,46.4793,44.4750,43.8298,44.7381,45.9893,48.5547,44.3932,45.8792,48.7859,50.3675,38.0965,42.9130,42.8549,34.4294,41.9609,41.0503,39.7055,42.7702,41.9706,41.8187,40.0514,41.1404,41.9601,37.4538,42.1630,42.1667,42.2343,41.8698,41.9476,41.4230,41.8085,41.8641,43.0864,42.4223,42.5197,43.6927,42.7321,42.0447,42.1735,38.3256,41.6090,41.2739,49.3115,47.5700,43.7666,42.8604,40.6366,44.4898,44.5277,44.5506,44.6475,44.5172,44.3218,44.3584,46.2723,43.9400,44.8256,43.8322,42.7823,42.3199,44.6988,44.9010,44.3149,0.0000,45.7782,46.4043,44.7638,41.3302,44.9487,40.0396,40.2389,41.3046,41.8935,42.0781,0.6026,44.1975,43.5805,47.3480,44.5970,40.6836,40.5736,46.7150,44.0371,43.7713,40.0976,42.5097,44.9319,44.8375,42.3627,37.8193,44.8250,47.5237,41.7667,37.4885,37.4982,41.5854,35.9820,38.7650,45.5467,43.6326,44.9934,44.6726,45.0252,44.9483,38.2667,40.2410,40.5891,42.6932,42.3050,42.4975,42.3475,37.6372,36.3202,41.7284,41.7856,47.8875,48.1591,47.1199,43.4204,44.9417,34.4014,36.5667,36.3299,43.5259,43.5359,41.8449,0.0000,40.7162,42.6930,41.0953,41.3576,43.5827,43.5304,47.7017,44.4298,43.9545,38.9206,36.1388,39.9288,36.1789,40.1943,43.9872,46.4180,50.3806,50.6515,49.5837,45.7598,20.8585,41.8973,41.7660,42.0520,37.4236,41.8253,40.7869,41.6381,41.6280,48.3556,50.0756,41.2737,42.7728,43.0876,43.0987,42.9003,42.3157,43.0809,42.9366,43.1566,43.1028,43.0608,42.4376,43.9400,42.3205,43.5367,0.0000,39.3106,43.8756,39.3105,42.9164,43.1870,43.5025,40.9093,39.7399,49.6536,43.6562,39.4166,40.0229,39.4797,38.7671,44.4018,41.5941,37.8252,38.7672,41.9694
24.0000,26.9944,25.2854,25.3510,25.2296,24.6538,24.2369,24.0380,27.1558,26.2598,28.0376,27.0329,27.6060,26.2624,25.8578,21.3145,14.4700,23.6245,23.7482,23.6243,25.3583,24.5438,24.1734,24.3503,24.6540,24.3004,24.5575,24.6235,26.0182,28.9800,25.2427,25.8262,25.9745,29.1829,26.8244,26.7059,27.4192,26.2921,25.8455,26.4418,27.0671,28.5122,26.1801,27.0872,28.6424,29.6535,22.5493,25.5523,25.5178,20.3582,24.9635,24.4265,23.5044,25.4437,25.0230,24.8162,23.7142,24.2186,24.9779,22.1851,25.5268,25.1022,25.1424,24.9218,24.9698,24.6543,24.8716,24.9127,25.6562,25.2627,25.3235,25.9793,25.4315,25.2533,25.1062,22.7176,24.6292,24.3249,29.0396,28.0410,25.8122,25.3443,23.8394,26.3005,26.3206,26.3370,26.3929,26.3184,26.2054,26.2212,27.2567,25.9752,26.4937,25.9147,25.3103,25.0425,26.3499,26.4701,26.1432,0.0000,27.0231,27.3779,26.4544,24.4260,26.4726,23.7515,23.8695,24.5466,24.9230,25.0490,0.6026,26.1235,25.9150,27.9148,26.3546,24.0139,23.9649,27.6066,25.9470,25.8814,23.7447,25.3189,26.5561,26.5020,25.0590,22.3936,26.4850,28.0005,24.8368,22.2059,22.2117,24.5777,21.2977,22.8759,26.8398,25.8154,26.5697,26.4039,26.6102,26.5654,22.6407,23.7473,23.9560,25.2422,25.0126,25.3129,25.0359,22.2921,21.4979,24.8145,24.8572,28.1487,28.3021,27.7249,25.6844,26.5426,20.3375,21.5813,21.4407,25.7374,25.7438,24.8879,0.0000,24.1857,25.2401,24.4538,24.6109,25.7701,25.7376,28.1098,26.2526,25.9835,23.1381,21.4860,23.6799,21.5098,23.8452,25.9575,27.3160,29.5637,29.7125,29.1996,26.9620,12.4295,24.9399,24.8588,25.0318,22.2378,24.8903,24.0798,24.5724,24.5600,28.4150,29.3911,24.3560,25.4632,25.6551,25.6620,25.5526,25.2280,25.6511,25.5689,25.6977,25.6644,25.6399,25.2737,25.9752,25.0429,25.7442,0.0000,23.1803,25.9509,23.1803,25.3751,25.5352,25.7246,24.0530,23.5226,29.2381,25.8257,23.3718,23.7417,23.4115,22.8652,26.2288,25.1877,22.2759,22.8652,24.7624
25.0000,26.7694,25.2418,25.3071,25.1497,24.5751,24.1216,23.9356,26.8886,26.1772,27.7096,26.8142,27.3263,26.1706,25.7008,21.2257,14.4239,23.4753,23.5768,23.5890,25.3180,24.4522,24.0904,24.2624,24.5715,24.1764,24.4349,24.4982,25.8541,28.3958,25.2003,25.7574,25.9085,28.4203,26.6074,26.4945,27.1673,26.2067,25.6763,26.3475,26.8387,28.2137,25.9667,26.8653,28.3376,0.0000,22.5600,25.6362,25.6023,20.2993,25.0289,24.4985,23.5139,25.4832,25.1062,24.8447,23.7249,24.1004,25.0540,22.1876,25.9114,25.1596,25.2003,24.9934,25.0435,24.6972,24.9159,24.9621,25.7345,25.3242,25.3868,26.0268,25.4776,25.4719,25.1635,22.7163,24.6292,24.2342,28.4525,27.6705,25.6399,25.2663,23.6607,26.2149,26.2339,26.2568,26.3140,26.2383,26.1258,26.1391,27.0041,25.8792,26.3996,25.8273,25.2473,25.0019,26.1348,26.2545,25.9817,0.0000,26.8073,27.1236,26.3542,24.3484,26.2752,23.7301,23.8537,24.5678,24.9667,25.1035,0.6026,26.0218,25.9648,27.5682,26.2404,23.9141,23.8831,27.5354,25.7877,25.8016,23.7526,25.4025,26.4614,26.4052,25.0317,22.4008,26.3853,27.6767,24.8725,22.2086,22.2144,24.5458,21.2540,22.7591,26.6083,25.7530,26.4604,26.3147,26.5147,26.4689,22.6574,23.6277,23.8392,25.1615,24.9327,25.3986,24.9566,22.2581,21.4538,24.8519,24.9007,27.8152,27.9526,27.4299,25.6220,26.4140,20.2816,21.4922,21.3529,25.6574,25.6646,24.9262,0.0000,24.2343,25.1602,24.5259,24.6825,25.6901,25.6607,27.7544,26.1377,25.8869,23.2055,21.5513,23.6474,21.5749,23.9199,25.7962,27.0669,29.1724,29.3124,28.4550,26.7247,12.3881,25.0143,24.9313,25.0961,22.3100,24.9384,23.9772,24.4595,24.4377,28.1026,29.0125,24.2304,25.5343,25.7375,25.7449,25.6346,25.3528,25.7334,25.6506,25.7763,25.7471,25.7211,25.3455,25.8792,25.0022,25.6650,0.0000,23.0811,25.8785,23.0811,25.2945,25.4554,25.6443,23.9092,23.4660,28.5430,25.7568,23.3337,23.7204,23.3754,22.7765,26.1111,25.5467,22.1552,22.7765,24.6240
26.0000,26.0380,24.6163,24.6710,24.3625,23.7548,23.6502,23.4692,25.8157,24.9710,26.5222,25.7029,26.1328,25.2053,24.6655,23.2297,23.2232,24.0308,24.0812,24.5252,24.4488,24.0032,23.4813,23.7063,24.1724,23.6628,23.9597,24.0295,24.8590,27.1415,24.5774,24.8378,24.9274,27.1669,25.9136,25.7738,26.0393,24.9341,24.9489,24.8547,26.1045,27.4246,24.9791,25.7527,27.5435,0.0000,24.5722,27.1918,27.1562,22.8203,26.7347,26.1763,25.5698,27.1473,26.7235,26.7776,25.7805,24.2588,26.7378,24.1868,27.7396,26.6716,26.7153,26.6410,26.7066,26.2798,26.4983,26.5543,27.2949,26.8359,26.9005,27.7860,27.0237,27.1726,26.6757,24.8341,24.1467,24.2520,27.1938,26.4918,24.8370,24.3174,24.1585,24.9418,24.9574,25.0272,25.0553,25.0347,25.0050,24.8737,25.9616,24.9698,24.8220,24.8179,24.5159,24.3558,25.1693,25.3148,24.9809,0.0000,25.6989,25.9918,24.9353,24.1791,25.6230,24.7017,24.8915,25.9131,26.4005,26.6019,24.0507,25.1031,27.6863,26.3961,25.3020,23.4231,23.2712,26.5317,25.2129,24.7879,25.7919,26.9493,24.9245,24.9544,24.4591,24.4154,24.9111,26.4887,26.2926,24.2134,24.2197,24.2350,23.1194,22.2757,25.6214,24.8381,25.0180,24.9879,25.0101,25.0643,24.6827,23.1713,23.3756,24.4155,24.1935,26.9467,24.1695,23.7235,23.3368,26.2516,26.4735,26.7822,26.9268,26.3923,24.7746,25.4673,22.7016,23.6592,23.4156,24.7314,24.7007,26.4344,0.0000,25.1151,24.3666,26.2030,26.3469,24.7254,24.7104,26.5656,25.2101,24.9770,24.8339,23.0807,24.5831,23.1051,25.8012,24.7820,26.3305,28.1730,28.2843,27.2002,25.7219,23.3454,26.6858,26.5901,26.6768,23.9514,26.5344,23.5039,23.9823,23.9626,27.2582,28.0385,23.7126,27.0799,27.2981,27.3059,27.1917,26.9323,27.2937,27.2101,27.3396,27.3084,27.2804,26.8759,24.9698,24.3561,24.7010,0.0000,23.7309,24.8930,23.7310,24.5045,24.5850,24.7534,24.2148,24.3106,27.2825,24.8375,24.2583,24.6917,24.3041,23.4118,24.7856,27.3258,23.5668,23.4118,24.0225
27.0000,26.2350,24.6102,24.6656,24.3410,23.7316,23.6765,23.4815,25.9873,24.9404,26.6602,25.7733,26.2675,25.1884,24.6939,23.2186,23.2185,24.0687,24.0998,24.5878,24.4467,23.9994,23.4459,23.6847,24.1627,23.6983,23.9977,24.0700,24.8971,27.2673,24.5711,24.8164,24.9048,27.3247,26.0957,25.9454,26.1331,24.9064,25.0319,24.8425,26.3075,27.7499,25.0876,25.8263,27.8799,0.0000,24.5700,27.3321,27.2978,22.7805,26.9847,26.4760,25.4354,27.2695,26.8569,26.8367,25.7078,24.2689,27.0269,24.1802,28.0840,26.7997,26.8443,26.9018,26.9801,26.3843,26.6080,26.6687,27.4418,26.9912,27.0654,27.9115,27.2249,27.3812,26.8040,24.8430,24.1463,24.2692,27.3200,26.6010,24.9116,24.2870,24.1772,24.9138,24.9256,24.9976,25.0265,25.0091,24.9784,24.8438,26.1272,24.9678,24.8133,24.8122,24.5159,24.3556,25.2833,25.4321,25.0044,0.0000,25.7662,26.0791,24.9154,24.1696,25.8025,24.7584,24.9432,26.0010,26.5090,26.7260,24.0435,25.0971,27.8145,26.5015,25.2895,23.4372,23.2280,26.5556,25.3875,24.7444,25.7425,27.0894,24.9148,24.9464,24.4546,24.4134,24.8978,26.6264,26.3926,24.2080,24.2142,24.2414,23.1071,22.3091,25.7611,24.8163,25.0023,24.9595,24.9979,25.0498,24.7053,23.2046,23.4047,24.4061,24.1842,27.0873,24.1478,23.7303,23.3243,26.3522,26.5825,27.1393,27.3059,26.6582,24.7569,25.4934,22.6200,23.7556,23.4502,24.7217,24.6699,26.5381,0.0000,24.9887,24.3448,26.5012,26.6340,24.6953,24.6790,26.6866,25.2236,24.9754,25.1767,23.4468,24.6531,23.4691,26.6071,24.8161,26.6100,28.9194,29.0164,27.3555,25.8691,23.3404,26.9646,26.8636,26.8696,24.4542,26.6525,23.5161,24.0077,24.0001,27.7403,28.7465,23.7441,27.2136,27.4359,27.4438,27.3288,27.0862,27.4314,27.3613,27.4866,27.4462,27.4164,27.0080,24.9678,24.3560,24.6701,0.0000,23.7933,24.8699,23.7934,24.4950,24.5753,24.7499,24.2278,24.3742,27.4286,24.8161,24.3199,24.7486,24.3679,23.4855,24.7885,27.5934,23.5674,23.4855,24.0697
28.0000,27.0284,25.1426,25.1965,24.9130,24.2924,24.2711,24.0595,26.8654,25.5500,27.5782,26.5333,27.1551,25.7911,25.3695,23.7682,23.7833,24.6337,24.6504,25.1754,25.0154,24.5720,23.9876,24.2387,24.7315,24.3046,24.6029,24.6778,25.5803,28.1986,25.1026,25.3952,25.4939,28.2408,26.8941,26.7239,26.9430,25.5189,25.7271,25.4549,27.1047,28.6228,25.8424,26.5955,28.7596,0.0000,25.1715,27.9319,27.8974,23.3205,27.5947,27.0737,26.0678,27.8824,27.4728,27.4865,26.3471,24.8022,27.6394,24.7612,28.7524,27.4030,27.4478,27.5125,27.5942,26.9614,27.2144,27.2762,28.0535,27.6041,27.6815,28.5436,27.8585,28.0277,27.4075,25.4257,24.6292,24.8014,28.2594,27.4654,25.6084,24.8545,24.7312,25.5270,25.5378,25.6127,25.6478,25.6168,25.5832,25.4582,26.9717,25.5623,25.4212,25.4081,25.0763,24.8880,26.0388,26.2000,25.6708,0.0000,26.5218,26.8790,25.5396,24.7332,26.5800,25.3424,25.5231,26.5971,27.1110,27.3290,24.6313,25.6917,28.4452,27.3542,25.8841,24.0151,23.7719,27.2997,26.1283,25.3194,26.3814,27.6926,25.5292,25.5676,24.9689,25.0054,25.5249,27.5418,26.9945,24.7892,24.7957,24.7464,23.6510,22.8798,26.5629,25.3896,25.6563,25.5790,25.6145,25.6681,25.3154,23.7885,23.9930,24.9825,24.7553,27.6903,24.7152,24.2862,23.8733,26.9530,27.1884,28.1136,28.3035,27.5706,25.3242,26.1573,23.1518,24.3499,24.0204,25.3059,25.2464,27.1431,0.0000,25.6023,24.9169,27.0996,27.2370,25.2727,25.2555,27.5758,25.8529,25.5707,25.7303,23.9436,25.2447,23.9674,27.0672,25.4973,27.4821,30.0949,30.1980,28.2760,26.6828,23.9085,27.5759,27.4731,27.4775,24.9306,27.2527,24.0949,24.6049,24.6050,28.7750,29.8985,24.3520,27.8175,28.0355,28.0439,27.9273,27.6903,28.0310,27.9685,28.0992,28.0462,28.0097,27.6105,25.5623,24.8884,25.2465,0.0000,24.3651,25.4573,24.3651,25.0736,25.1558,25.3327,24.7728,24.9593,28.3611,25.3949,24.9033,25.3325,24.9580,24.0563,25.4242,28.2489,24.1175,24.0563,24.7033
29.0000,27.0484,25.1504,25.2036,24.9359,24.3171,24.2950,24.0892,26.9672,25.5715,27.7059,26.5933,27.2760,25.8219,25.2016,23.8220,23.8357,24.6846,24.6906,25.2877,24.9985,24.5966,24.0092,24.2582,24.7575,24.3255,24.6257,24.6978,25.4610,28.3457,25.1107,25.4115,25.5076,28.3969,26.9109,26.7415,27.0224,25.5400,25.7288,25.4733,27.1254,28.6566,25.8837,26.6539,28.7946,0.0000,25.2688,28.0217,27.9872,23.3763,27.6936,27.1592,26.1658,27.9782,27.5715,27.5910,26.4452,24.8324,27.7382,24.8492,28.8227,27.5039,27.5489,27.6095,27.6920,27.0473,27.3128,27.3747,28.1530,27.7073,27.7855,28.6533,27.9704,28.1242,27.5084,25.5117,24.6292,24.8227,28.4094,27.5736,25.5940,24.8756,24.7709,25.5483,25.5589,25.6342,25.6695,25.6377,25.6033,25.4795,27.0501,25.5826,25.4416,25.4310,25.0996,24.9031,26.0781,26.2340,25.5385,0.0000,26.5827,26.9559,25.5619,24.7604,26.6011,25.4389,25.6056,26.6899,27.2083,27.4291,24.6611,25.7081,28.5545,27.4564,25.8980,24.0655,23.8162,27.2405,26.1583,25.3415,26.4792,27.7904,25.5479,25.5853,24.9737,25.0985,25.5474,27.6690,27.0907,24.8774,24.8839,24.7547,23.7134,22.8995,26.6168,25.4060,25.6861,25.6010,25.6329,25.6856,25.4185,23.8124,24.0169,25.0119,24.7934,27.7875,24.7379,24.3544,23.9363,27.0483,27.2866,28.2027,28.3956,27.6546,25.3384,26.1862,23.2069,24.4124,24.0785,25.3287,25.2685,27.2413,0.0000,25.8026,24.9397,27.1857,27.3267,25.2951,25.2807,27.6935,25.8771,25.5913,25.7875,23.9717,25.3691,23.9968,26.9338,25.3561,27.5104,30.1620,30.2761,28.4329,26.7437,23.9577,27.6736,27.5687,27.5775,24.8899,27.3480,24.1273,24.6345,24.6280,28.8321,29.9615,24.3754,27.9179,28.1243,28.1327,28.0190,27.7875,28.1199,28.0702,28.1991,28.1351,28.0936,27.7082,25.5826,24.9034,25.2686,0.0000,24.4331,25.4748,24.4332,25.1011,25.1823,25.3548,24.8084,25.0585,28.5178,25.4111,25.0178,25.4293,25.0792,24.1233,25.3741,28.3374,24.1659,24.1233,24.7136
30.0000,26.9736,25.1414,25.1937,24.9221,24.3034,24.2788,24.0765,26.9298,25.5543,27.6735,26.5627,27.2562,25.8087,25.1729,23.8225,23.8327,24.6916,24.6942,25.3032,24.9928,24.5887,24.0184,24.2621,24.7476,24.3062,24.6030,24.6727,25.4308,28.3042,25.1025,25.3966,25.4928,28.3544,26.8364,26.6743,26.9924,25.5224,25.6926,25.4540,27.0485,28.5379,25.8509,26.6204,28.6721,0.0000,25.2584,28.0052,27.9703,23.3771,27.6467,27.1005,26.1425,27.9625,27.5511,27.5638,26.4184,24.8375,27.6800,24.8461,28.7814,27.4788,27.5220,27.5586,27.6392,27.0262,27.2953,27.3568,28.1272,27.6809,27.7585,28.6299,27.9453,28.0949,27.4833,25.5160,24.6292,24.8233,28.3672,27.5402,25.5615,24.8604,24.7738,25.5306,25.5414,25.6171,25.6523,25.6223,25.5868,25.4623,27.0097,25.5597,25.4223,25.4137,25.0870,24.8950,26.0460,26.1984,25.5082,0.0000,26.5538,26.9258,25.5437,24.7514,26.5330,25.4524,25.6081,26.6789,27.1889,27.4055,24.6470,25.6807,28.5301,27.4237,25.8653,24.0594,23.8218,27.1794,26.1027,25.3257,26.4534,27.7680,25.5265,25.5629,24.9688,25.0915,25.5216,27.6377,27.0740,24.8744,24.8809,24.7554,23.7138,22.8813,26.5797,25.3920,25.6487,25.5830,25.6098,25.6603,25.4050,23.7959,24.0005,24.9977,24.7793,27.7668,24.7242,24.3547,23.9367,27.0315,27.2694,28.1289,28.3183,27.5967,25.3252,26.1574,23.2059,24.4089,24.0766,25.3130,25.2531,27.2242,0.0000,25.7343,24.9259,27.1274,27.2704,25.2799,25.2686,27.6606,25.8499,25.5683,25.7139,23.8909,25.3748,23.9166,26.7238,25.3264,27.4206,30.0232,30.1366,28.3905,26.7057,23.9531,27.6182,27.5149,27.5401,24.7692,27.3280,24.1153,24.6164,24.6055,28.7135,29.8263,24.3570,27.8715,28.1091,28.1174,28.0029,27.7668,28.1047,28.0471,28.1732,28.1199,28.0828,27.6845,25.5597,24.8953,25.2533,0.0000,24.4521,25.4594,24.4521,25.0864,25.1673,25.3379,24.8136,25.0769,28.4747,25.3963,25.0353,25.4438,25.1035,24.1481,25.3513,28.3045,24.1676,24.1481,24.6903
31.0000,26.9872,25.1528,25.2035,24.9537,24.3397,24.3204,24.1163,26.9508,25.5863,27.6943,26.5929,27.2870,25.8414,25.2058,23.8776,23.8849,24.7362,24.7310,25.4405,25.0211,24.6259,24.0571,24.3004,24.7822,24.3493,24.6590,24.7311,25.4645,28.3120,25.1147,25.4199,25.5154,28.3624,26.8518,26.6934,27.0202,25.5545,25.7287,25.4857,27.0606,28.5207,25.8768,26.6528,28.6523,0.0000,25.3510,28.1791,28.1438,23.4395,27.7929,27.2363,26.2263,28.1513,27.7133,27.6827,26.5004,24.8669,27.8129,24.9405,28.9815,27.6380,27.6821,27.6972,27.7765,27.1871,27.4524,27.5153,28.3014,27.8383,27.9156,28.8021,28.0919,28.2670,27.6425,25.6221,24.6292,24.8419,28.3738,27.5603,25.5965,24.8891,24.8106,25.5628,25.5723,25.6507,25.6875,25.6510,25.6152,25.4954,27.0335,25.5872,25.4535,25.4434,25.1169,24.9138,26.0714,26.2275,25.5429,0.0000,26.5831,26.9533,25.5744,24.7860,26.5529,25.5855,25.7252,26.8222,27.3424,27.5631,24.6841,25.7059,28.7002,27.4454,25.8906,24.0985,23.8627,27.2286,26.1317,25.3555,26.5373,27.9339,25.5570,25.5951,24.9772,25.1856,25.5604,27.6593,27.2263,24.9694,24.9759,24.7601,23.7913,22.9219,26.6074,25.4138,25.7003,25.6152,25.6389,25.6883,25.4983,23.8364,24.0416,25.0282,24.8096,27.9327,24.7554,24.4440,24.0150,27.1812,27.4259,28.1262,28.3122,27.6066,25.3458,26.1831,23.2674,24.4508,24.1254,25.3425,25.2823,27.3815,0.0000,25.8841,24.9573,27.2632,27.4063,25.3091,25.2997,27.6819,25.8762,25.5959,25.8486,24.0066,25.5112,24.0329,26.7974,25.3598,27.4287,29.9780,30.0847,28.3986,26.7326,24.0030,27.7536,27.6516,27.6886,24.8775,27.4868,24.1561,24.6667,24.6613,28.6943,29.7858,24.4036,28.0430,28.2849,28.2929,28.1743,27.9327,28.2803,28.2179,28.3479,28.2955,28.2626,27.8489,25.5872,24.9142,25.2824,0.0000,24.5147,25.4844,24.5148,25.1166,25.1974,25.3670,24.8453,25.1907,28.4810,25.4196,25.1727,25.5779,25.2480,24.2040,25.3835,28.4850,24.2156,24.2041,24.7310
32.0000,26.9312,25.1500,25.1991,24.9610,24.3478,24.3317,24.1300,26.9389,25.5892,27.6778,26.5983,27.2835,25.8415,25.2245,23.9120,23.9093,24.7944,24.7687,25.5448,25.0199,24.6385,24.0741,24.3167,24.7936,24.3598,24.6773,24.7490,25.4790,28.2838,25.1128,25.4217,25.5197,28.3333,26.7966,26.6474,27.0169,25.5582,25.7250,25.4924,27.0022,28.4122,25.8730,26.6626,28.5392,0.0000,25.3693,28.2592,28.2237,23.4752,27.8274,27.2602,26.2246,28.2223,27.7797,27.7024,26.4949,24.8922,27.8382,24.9683,29.0507,27.7101,27.7559,27.7318,27.8089,27.2505,27.5206,27.5828,28.3771,27.9038,27.9790,28.8698,28.1522,28.3284,27.7145,25.6646,24.6292,24.8576,28.3442,27.5468,25.5989,24.8945,24.8490,25.5665,25.5767,25.6520,25.6877,25.6524,25.6170,25.4975,27.0222,25.5946,25.4603,25.4508,25.1285,24.9214,26.0640,26.2246,25.5577,0.0000,26.5861,26.9511,25.5839,24.7985,26.5065,25.6745,25.7946,26.8913,27.4113,27.6345,24.6962,25.7116,28.7671,27.4344,25.8980,24.1140,23.8748,27.2027,26.1027,25.3605,26.5329,28.0090,25.5618,25.5978,24.9772,25.2087,25.5687,27.6439,27.2943,24.9975,25.0040,24.7650,23.8350,22.9318,26.6006,25.4142,25.7115,25.6202,25.6428,25.6917,25.5134,23.8481,24.0530,25.0370,24.8183,28.0069,24.7625,24.4944,24.0591,27.2485,27.4943,28.0674,28.2491,27.5705,25.3467,26.1817,23.3039,24.4667,24.1509,25.3503,25.2877,27.4505,0.0000,26.0729,24.9645,27.2875,27.4326,25.3146,25.3055,27.6660,25.8794,25.6032,25.8490,24.0051,25.6284,24.0316,26.7119,25.3766,27.3518,29.8055,29.9218,28.3694,26.7245,24.0257,27.7828,27.6822,27.7419,24.8558,27.5510,24.1700,24.6838,24.6796,28.5745,29.6214,24.4163,28.1359,28.3662,28.3742,28.2504,28.0069,28.3615,28.2920,28.4239,28.3768,28.3454,27.9248,25.5946,24.9218,25.2879,0.0000,24.6126,25.4862,24.6127,25.1252,25.2056,25.3755,24.8751,25.2923,28.4506,25.4214,25.2763,25.6680,25.3594,24.3198,25.3946,28.5488,24.2513,24.3198,24.7391
33.0000,26.7825,25.1290,25.1755,24.9397,24.3319,24.2864,24.0921,26.8824,25.5608,27.6453,26.5874,27.3129,25.8136,25.1790,23.8989,23.8727,24.8162,24.8012,25.5270,24.9866,24.6087,24.0516,24.2915,24.7683,24.3097,24.6236,24.6942,25.4354,28.2292,25.0938,25.3963,25.4905,28.2742,26.6553,26.5158,26.9992,25.5290,25.6548,25.4636,26.8493,28.1726,25.8240,26.6596,28.2919,0.0000,25.2657,28.1771,28.1415,23.4515,27.6831,27.0999,26.0984,28.1200,27.6978,27.5722,26.3652,24.9107,27.6761,24.8832,28.9943,27.6290,27.6749,27.5861,27.6580,27.1587,27.4425,27.5029,28.2843,27.8120,27.8835,28.7653,28.0475,28.2396,27.6335,25.5943,24.6292,24.8733,28.2874,27.5140,25.5409,24.8626,24.8922,25.5371,25.5479,25.6213,25.6546,25.6232,25.5873,25.4663,26.9618,25.5646,25.4327,25.4280,25.1091,24.9090,26.0033,26.1714,25.5230,0.0000,26.5715,26.9332,25.5547,24.7726,26.3699,25.6522,25.7621,26.8303,27.3361,27.5550,24.6662,25.6770,28.6630,27.4049,25.8581,24.0766,23.8490,27.1297,25.9750,25.3473,26.4092,27.9262,25.5313,25.5681,24.9657,25.1138,25.5359,27.6168,27.2218,24.9125,24.9190,24.7708,23.8072,22.8846,26.5442,25.3891,25.6712,25.5898,25.6086,25.6537,25.4007,23.7996,24.0065,25.0244,24.8192,27.9240,24.7415,24.4634,24.0310,27.1759,27.4170,27.9378,28.1152,27.4737,25.3229,26.1348,23.2888,24.4156,24.1200,25.3297,25.2694,27.3757,0.0000,26.0266,24.9433,27.1278,27.2758,25.2957,25.2896,27.6327,25.8407,25.5731,25.6824,23.8296,25.6078,23.8569,26.3550,25.3315,27.1870,29.5436,29.6692,28.3101,26.6670,23.9901,27.6274,27.5301,27.6285,24.6258,27.4627,24.1316,24.6357,24.6262,28.3529,29.3654,24.3634,28.0610,28.2844,28.2926,28.1688,27.9240,28.2798,28.2016,28.3307,28.2951,28.2662,27.8436,25.5646,24.9093,25.2696,0.0000,24.6261,25.4594,24.6261,25.1101,25.1896,25.3523,24.8992,25.2827,28.3909,25.3960,25.2590,25.6467,25.3497,24.3361,25.3597,28.4699,24.2561,24.3361,24.6866
34.0000,26.6523,25.1167,25.1606,24.9416,24.3422,24.2669,24.0762,26.8631,25.5525,27.6726,26.6068,27.3314,25.7961,25.1790,24.0469,23.9252,25.1219,25.1357,25.6332,24.9668,24.6038,24.0478,24.2878,24.7693,24.2866,24.5982,24.6692,25.4401,28.5089,25.0834,25.3872,25.4788,28.7436,26.5344,26.4048,27.0194,25.5205,25.6129,25.4580,26.7141,27.9394,25.8068,26.6773,28.0497,0.0000,25.4113,28.2015,28.1654,23.5404,27.6459,27.0367,26.3807,28.1269,27.7225,27.6924,26.6061,25.1267,27.6102,25.0053,28.9802,27.6592,27.7051,27.5414,27.6075,27.1651,27.4787,27.5344,28.3124,27.8323,27.9003,28.7849,28.0602,28.2396,27.6638,25.6793,24.6292,25.0384,28.5636,27.6185,25.5161,24.8660,25.2551,25.5284,25.5406,25.6106,25.6413,25.6104,25.5755,25.4556,26.9394,25.5571,25.4285,25.4281,25.1144,24.9125,25.9825,26.1494,25.5505,0.0000,26.5914,26.9627,25.5476,24.7770,26.2536,25.7354,25.8268,26.8780,27.3730,27.5868,24.6790,25.6647,28.6822,27.4931,25.8401,24.0468,23.8345,27.0791,25.8671,25.3550,26.6342,27.9545,25.5221,25.5561,24.9594,25.2462,25.5233,27.6434,27.2625,25.0334,25.0399,24.8274,23.8847,22.8628,26.5220,25.3806,25.6461,25.5806,25.5968,25.6401,25.5394,23.7779,23.9861,25.0261,24.8209,27.9521,24.7434,24.5348,24.1093,27.2149,27.4537,27.8350,28.0099,27.4092,25.3134,26.1035,23.3881,24.5259,24.2498,25.3312,25.2728,27.4163,0.0000,26.1495,24.9453,27.0652,27.2178,25.2979,25.2938,27.7009,25.8220,25.5654,25.5930,23.7283,25.7125,23.7565,26.0781,25.3341,27.0356,29.2604,29.4066,28.7589,26.6447,24.0367,27.5698,27.4778,27.6218,24.4679,27.4806,24.1135,24.6108,24.6008,28.1345,29.0905,24.3431,28.0921,28.3095,28.3175,28.1971,27.9521,28.3049,28.2279,28.3583,28.3200,28.2912,27.8723,25.5571,24.9129,25.2730,0.0000,24.8907,25.4493,24.8907,25.1118,25.1909,25.3524,25.1650,25.4378,28.7786,25.3868,25.3699,25.7309,25.4630,24.6142,25.3562,28.4656,24.4773,24.6142,24.6629
35.0000,26.6370,25.1264,25.1658,24.9866,24.3957,24.3320,24.1446,26.9846,25.5882,27.8187,26.7038,27.4529,25.8392,25.2545,24.0753,23.9504,25.1408,25.1525,25.7042,24.9733,24.6566,24.1138,24.3479,24.8152,24.3572,24.6706,24.7413,25.5269,28.8758,25.0954,25.4142,25.4997,29.2899,26.5236,26.4063,27.1281,25.5561,25.6774,25.4957,26.6947,27.8363,25.8866,26.7755,27.9391,29.7588,25.4469,28.2540,28.2176,23.5802,27.6475,27.0176,26.4362,28.1756,27.7625,27.7216,26.6415,25.1402,27.5935,25.0446,28.9868,27.7004,27.7462,27.5354,27.5981,27.1989,27.5249,27.5784,28.3518,27.8654,27.9305,28.8364,28.0837,28.2605,27.7052,25.7230,24.6292,25.0438,28.9289,27.8157,25.5906,24.9205,25.2709,25.5639,25.5772,25.6440,25.6726,25.6396,25.6053,25.4891,27.0377,25.5894,25.4663,25.4669,25.1462,24.9330,26.0623,26.2332,25.6604,0.0000,26.6877,27.0777,25.5845,24.8194,26.2452,25.8035,25.8824,26.9279,27.4175,27.6288,24.7126,25.6955,28.7319,27.6732,25.8722,24.1192,23.9130,27.0317,25.8639,25.4066,26.6664,27.9987,25.5571,25.5937,24.9665,25.2833,25.5631,27.7873,27.3092,25.0727,25.0792,24.8272,23.9332,22.9540,26.6124,25.4052,25.6894,25.6160,25.6284,25.6695,25.5691,23.8362,24.0482,25.0663,24.8608,27.9967,24.7880,24.5838,24.1547,27.2601,27.5001,27.8748,28.0497,27.4767,25.3368,26.1231,23.4345,24.5147,24.2600,25.3694,25.3188,27.4644,0.0000,26.2097,24.9902,27.0466,27.2026,25.3436,25.3434,27.8744,25.8479,25.5975,25.5573,23.6733,25.7835,23.7026,25.8692,25.4158,27.0041,29.1516,29.3153,29.2870,26.7374,24.0632,27.5572,27.4672,27.6384,24.3612,27.5167,24.1829,24.6844,24.6734,28.0521,28.9846,24.4172,28.1386,28.3635,28.3717,28.2471,27.9967,28.3588,28.2661,28.3981,28.3742,28.3445,27.9171,25.5894,24.9334,25.3190,0.0000,24.9283,25.4773,24.9283,25.1515,25.2298,25.3870,25.1797,25.4963,29.2512,25.4139,25.4476,25.7998,25.5411,24.6544,25.4079,28.4821,24.5011,24.6544,24.7347
36.0000,26.3279,25.0740,25.1133,24.8692,24.2763,24.1809,24.0022,26.6975,25.4554,27.5225,26.4849,27.1862,25.7015,25.0626,23.9704,23.8245,25.0549,25.0795,25.5971,24.8923,24.5348,24.0095,24.2371,24.7016,24.1941,24.5040,24.5746,25.3238,28.5541,25.0450,25.3095,25.3940,28.9463,26.2199,26.1164,26.8852,25.4216,25.4617,25.3596,26.3808,27.4245,25.6509,26.5505,27.5185,29.3901,25.2440,28.0812,28.0451,23.4723,27.4184,26.7725,26.1974,27.9851,27.5871,27.4914,26.3891,25.0931,27.3454,24.8656,28.7521,27.5333,27.5787,27.3047,27.3631,27.0162,27.3599,27.4102,28.1713,27.6868,27.7480,28.6477,27.8924,28.0603,27.5377,25.5632,24.6292,24.9989,28.6023,27.5401,25.3782,24.8034,25.1962,25.4291,25.4432,25.5096,25.5358,25.5104,25.4777,25.3540,26.7615,25.4580,25.3328,25.3440,25.0487,24.8702,25.8231,25.9881,25.4510,0.0000,26.4725,26.8393,25.4423,24.7132,25.9525,25.6868,25.7619,26.7810,27.2568,27.4632,24.5829,25.5588,28.5434,27.4046,25.7243,23.9632,23.7994,26.8447,25.5916,25.2846,26.4150,27.8275,25.4197,25.4516,24.9342,25.0917,25.4176,27.4937,27.1519,24.8939,24.9004,24.8112,23.8221,22.8003,26.3527,25.3068,25.5270,25.4783,25.4881,25.5264,25.3557,23.6940,23.9013,24.9513,24.7467,27.8255,24.6715,24.4688,24.0426,27.1018,27.3360,27.5254,27.6891,27.1622,25.2453,25.9444,23.3471,24.3657,24.1361,25.2537,25.1999,27.3051,0.0000,26.1047,24.8727,26.8020,26.9608,25.2236,25.2258,27.5874,25.6913,25.4656,25.2959,23.4112,25.6791,23.4412,25.4112,25.2173,26.6659,28.6698,28.8288,28.9436,26.4729,23.9367,27.3163,27.2301,27.4394,24.0361,27.3381,24.0386,24.5271,24.5070,27.6437,28.5132,24.2487,27.9701,28.1899,28.1979,28.0741,27.8255,28.1853,28.0874,28.2172,28.2004,28.1727,27.7478,25.4580,24.8705,25.2001,0.0000,24.8334,25.3650,24.8334,25.0362,25.1149,25.2718,25.1197,25.3919,28.9121,25.3091,25.3509,25.6836,25.4424,24.5581,25.2511,28.2714,24.4086,24.5581,24.5567
37.0000,25.5697,24.5321,24.5681,24.3059,23.7247,23.5952,23.4332,25.9328,24.8691,26.7177,25.7912,26.4165,25.1027,24.4339,23.4263,23.2592,24.5212,24.5413,25.0276,24.3397,23.9699,23.4834,23.6944,24.1390,23.5977,23.8868,23.9521,24.6785,27.6537,24.5062,24.7399,24.8212,27.9997,25.4666,25.3774,26.1510,24.8361,24.7952,24.7813,25.6176,26.5633,24.9644,25.8519,26.6484,28.3999,24.5891,27.3825,27.3472,22.9353,26.7076,26.0691,25.4725,27.2830,26.9109,26.7515,25.6479,24.5632,26.6270,24.2321,28.0059,26.8627,26.9062,26.5984,26.6525,26.3468,26.6957,26.7423,27.4800,27.0106,27.0695,27.9303,27.2061,27.3582,26.8670,24.9336,24.1384,24.4725,27.6968,26.7414,24.7187,24.2452,24.6548,24.8431,24.8572,24.9200,24.9433,24.9214,24.8915,24.7676,26.0106,24.8883,24.7585,24.7725,24.5159,24.3525,25.1360,25.2900,24.8008,0.0000,25.7797,26.1098,24.8575,24.1514,25.2105,25.1089,25.1762,26.1467,26.5975,26.7958,24.0180,24.9820,27.8292,26.6191,25.1412,23.3993,23.2823,26.1616,24.8675,24.7127,25.6750,27.1440,24.8400,24.8702,24.4117,24.4467,24.8298,26.6919,26.4984,24.2603,24.2666,24.3044,23.2755,22.2382,25.6301,24.7363,24.9219,24.8900,24.9037,24.9395,24.6965,23.1189,23.3219,24.3931,24.1931,27.1419,24.1127,23.9067,23.4910,26.4480,26.6731,26.7132,26.8647,26.3791,24.6831,25.3317,22.8374,23.7714,23.5715,24.6896,24.6328,26.6468,0.0000,25.5071,24.3095,26.0983,26.2550,24.6551,24.6573,26.7870,25.1022,24.8953,24.6208,22.7812,25.1041,22.8106,24.5784,24.5789,25.8857,27.7588,27.8952,27.9986,25.7421,23.3714,26.6032,26.5212,26.7508,23.3422,26.6631,23.4687,23.9258,23.8902,26.8067,27.6130,23.6517,27.2799,27.4877,27.4952,27.3791,27.1419,27.4833,27.3960,27.5246,27.4977,27.4704,27.0672,24.8883,24.3529,24.6330,0.0000,24.3219,24.7899,24.3219,24.4767,24.5521,24.7132,24.5842,24.8382,27.9765,24.7396,24.7967,25.1063,24.8844,24.0698,24.6541,27.5559,23.8666,24.0699,23.9412
38.0000,24.1772,23.3096,23.3419,23.0863,22.5384,22.3932,22.2479,24.5366,23.6114,25.2730,24.4452,25.0111,23.8362,23.1738,22.2611,22.0918,23.3180,23.3380,23.8022,23.0932,22.7636,22.3133,22.5085,22.9272,22.3905,22.6643,22.7232,23.4001,26.1383,23.2865,23.4956,23.5693,26.4630,24.0805,24.0061,24.7723,23.5804,23.4982,23.5341,24.2200,25.0637,23.6471,24.5000,25.1396,26.8285,23.3209,26.0072,25.9734,21.7937,25.3366,24.7180,24.1376,25.9085,25.5576,25.3745,24.2974,23.3605,25.2519,22.9946,26.5619,25.5172,25.5582,25.2324,25.2821,25.0198,25.3598,25.4019,26.1066,25.6654,25.7236,26.5252,25.8466,25.9644,25.5212,23.6757,22.9605,23.2749,26.1760,25.3099,23.4291,23.0300,23.4498,23.5867,23.6004,23.6578,23.6778,23.6604,23.6328,23.5128,24.6194,23.6451,23.5151,23.5305,23.3097,23.1612,23.8094,23.9534,23.5160,0.0000,24.4353,24.7349,23.6024,22.9398,23.8433,23.8759,23.9330,24.8454,25.2674,25.4544,22.8120,23.7309,26.4283,25.1983,23.8808,22.2236,22.1247,24.7942,23.5293,23.4718,24.3251,25.7834,23.5879,23.6143,23.2048,23.1919,23.5763,25.2506,25.1749,23.0217,23.0277,23.1174,22.1182,21.1006,24.2679,23.4905,23.6566,23.6305,23.6458,23.6782,23.4179,21.9375,22.1323,23.1739,22.9839,25.7815,22.9029,22.7191,22.3230,25.1256,25.3388,25.2486,25.3866,24.9494,23.4448,24.0500,21.7165,22.5595,22.3869,23.4552,23.3981,25.3164,0.0000,24.2548,23.0897,24.7462,24.8977,23.4188,23.4222,25.3463,23.8418,23.6514,23.3265,21.5577,23.8688,21.5869,23.1480,23.3079,24.4645,26.1762,26.2927,26.4609,24.3714,22.1983,25.2324,25.1554,25.3940,22.0528,25.3208,22.2822,22.7087,22.6677,25.3109,26.0438,22.4442,25.9084,26.1071,26.1142,26.0054,25.7815,26.1029,26.0243,26.1489,26.1166,26.0899,25.7101,23.6451,23.1614,23.3983,0.0000,23.1334,23.5409,23.1334,23.2535,23.3235,23.4823,23.3808,23.6255,26.4383,23.4953,23.5930,23.8740,23.6717,22.8957,23.4021,26.1468,22.6863,22.8957,22.7089
