"ETAPA \ BARRA","AGUAYTIA 220","BALNEARIO 220","BALNEARIOS 60 A","CALLAHUANCA 220","CALLAHUANCA 60","CARHUAMAYO 220","CARHUAMAYO NUEVA 138","CARHUAQUERO 220","CHAVARRIA 220 A","CHICLAYO OESTE 220","CHIMBOTE 220","GUADALUPE 220","HUACHIPA 60","HUACHO 220","HUANCAVELICA 220","HUAYUCACHI 220","ICA 220","INDEPENDENCIA 220","MARCONA220","MOYOPAMPA 60","OROYA NUEVA 220","OROYA NUEVA 138","OROYA NUEVA 50","PACHACHACA 220","PARAGSHA2 220","PARAGSHA 138","PARAGSHA 50","PARAMONGA NUEVA 220","PIURA OESTE 220","SAN JUAN 220","SANTA ROSA 220 A","SANTA ROSA EDS 60","TALARA 220","TINGO MARIA 138","TINGO MARIA 220","TRUJILLO 220","VENTANILLA 220","VIZCARRA 220","ZAPALLAL 220","AGUAYTIA 138","PUCALLPA 138","HUALLANCA 138","CHIMBOTE 138","PUCALLPA 60","ZORRITOS 220","ABANCAY NUEVA 138","ARICOTA138","ARICOTA II 66","CAMPO ARMINO 220","AYAVIRI138","AZANGARO 138","CACHIMAYO 138","CALLALLI 138","CERRO VERDE 138","COMBAPATA 138","DOLORESPATA 138","DESIERTO220","JULIACA 138","MACHUPICCHU 138","MOLLENDO 138","MOQUEGUA 220","MOQUEGUA 138","PUNO 220","PUNO 138","SANTUARIO 138","SOCABAYA 220","SOCABAYA 138","ILO 138","LOS HEROES 220 A","LOS HEROES 66","TINTAYA 138","TOMASIRI 66","REPARTICION 138","ILO2 220","COTARUSE 220","CHILCA REP 220","CANTERA 220","PIURA OESTE 60","LA NINA 220","CONOCOCHA 220","HUINCO 220","INDEPENDENCIA 60","CHILLON 220","CHILLON 60","CHAVARRIA 60 A","CHAVARRIA 60 B","BARSI 60","BARSI 220","OQUENDO 60","CAJAMARCA 220","PLANICIE 220 A","CARABAYLLO 220","CARABAYLLO 500","CHILCA CTM 500","CHILCA CTM 220 A","KIMAN AYLLU 138","KIMAN AYLLU 220","PARAMONGA EXISTENTE 138","MACHALA 200","CHIMBOTE 500","TRUJILLO 500","HUARANGAL 60","POMACOCHA 220","PIEDRA BLANCA 138","POROMA 220","POROMA500","OCONA 500","MONTALVO 500","MONTALVO 220","HUANZA 220","INDUSTRIALES 220 A","TINTAYA 220","LA NINA 500","INDUSTRIALES 60","CARHUAMAYO 50","CARIPA138","HUAMPANI 60","HUANUCO 138","REFINERIA ZINC 220","QUENCORO 138","ILO 3 220","MIRADOR 220","MIRADOR 60","ALTO PRADERA 220","ABANCAY NUEVA 220","LOMERA 220","REQUE 220","SAN JOSE 500","SANTA TERESA 220","SURIRAY 220","ASIA 220","CERRO DEL AGUILA 220","CHAGLLA 220","RAMADA 220","SANTA ROSA LDS 60","LOMERA 60","ZAPALLAL 60","MALVINAS 220","MALVINAS 60","ABANCAY 138","YAUPI 138","SANTA ISABEL 220","YANANGO 220","CHIMAY 220","ILO3 138","MATUCANA 220","COLCABAMBA 500","COLCABAMBA 220","YARABAMBA 500","YARABAMBA 220","BELAUNDE 220","BELAUNDE 138","CACLIC 220","INDUSTRIALES 220B","PLANICIE60","COBRIZAI 69","MOLLEPATA 60","MOLLEPATA220","CARAPONGO 500","CARAPONGO 220 A","SAN JOSE 220","MARCONA 60 A","SAN NICOLAS 60","CALLAHUANCA EDN 220","PUMIRI138","PUMIRI220","SAN MIGUEL 220","SAN MIGUEL 60","FELAM 220","MANCHAY 60","MANCHAY 220","SAN RAFAEL 138","SAN GABAN 138","MARCONA 60 B","ANGEL 138","PTO MALDONADO 138","MEDIO MUNDO 220","AUCAYACU 138","BELLAVISTA 138","TARAPOTO 138","PARINAS 220","PAMPA HONDA 220","ORCOTUNA 220","SAN ROMAN 138","SAN ROMAN 220","CHILOTA 220","MAZUCO 138","JESUS 138","CARHUAMAYO 138","CINCO MANANTIALES 138","OXIDOS CERRO 138","TOCACHE 138","JUANJUI 138","FRANCOISE 220","BOTIFLACA 138","MILL SITE 138","PLAZA TOQUEPALA 138","QUEBRADA HONDA 138","PANAMERICANA SOLAR 138","TOQUEPALA 138","ILO ELS 138","REFINERIA 138","LIXIVIACION 138","PUSHBACK 138","INTIPAMPA 138","PLANICIE 220 B","CHILCA CTM 220 B","CARAPONGO 220 B","CHILCA 1 220","DERIVACION 220","CHAVARRIA 220 B","DERIVACION 220  BARRA II","CAMPAS 220","CAMPAS 500","PLANICIE 500","NUEVA CHINCHA 220","CAHUACHI 220","VALLE DEL CHIRA 220","SANTA ROSA 220 B","ERSUR 220","FLAMENCO220","BARRA3HERMANAS","BARRAPTALOMITAS","PUERTO CHANCAY 220","CHAPARRAL 138","CHIRIBAMBA 220","BARRAPTALOMITAS2","YSHCAYUCRO 220"
1.0000,24.7433,24.8464,24.8745,24.5378,24.0684,23.3415,23.2356,25.0436,25.0716,25.8346,25.3376,25.7283,25.2635,24.2347,24.4992,24.2355,25.5666,25.5431,25.8270,24.5529,23.9888,23.2776,23.6105,24.2898,23.2821,23.6100,23.6713,24.3503,26.2689,24.8258,24.9587,25.0166,26.2758,24.5868,24.5653,25.5931,24.9978,24.1991,24.9964,24.7887,25.6834,23.7970,25.3988,25.7639,26.6836,24.9307,27.6150,27.5143,24.0411,26.9753,26.3471,25.7524,27.7052,27.1261,26.9981,25.9068,25.4113,26.8762,24.5869,27.9687,27.1870,27.2279,26.8707,26.9108,26.7406,26.9409,26.9836,27.8153,27.3475,27.4313,28.1840,27.5480,27.4601,27.1914,25.2949,24.5854,25.1880,26.3002,25.8753,24.1256,24.8124,25.6788,25.0042,25.0220,25.1281,25.1534,25.1330,25.1165,24.9537,25.1316,25.1393,24.9958,24.9740,24.8584,24.7544,24.0039,24.2844,24.3012,0.0000,25.3571,25.5520,25.0561,24.3809,24.4259,25.7919,25.7340,26.5365,26.9904,27.1274,24.7561,25.2194,28.0913,25.8121,25.3743,23.1938,22.7200,25.5908,24.2678,24.9833,25.9349,27.4672,25.0675,25.0981,24.7770,24.7901,24.2956,25.8179,26.8860,24.6140,24.6204,24.8415,24.1346,21.9174,24.6805,24.9493,24.4381,25.0530,25.1244,25.1617,25.0286,22.8032,23.0065,24.5826,24.4728,27.4631,24.3111,24.6289,24.3615,26.8734,26.9225,25.8703,26.0044,25.5193,24.9265,25.5395,23.9393,24.8240,24.6300,24.9135,24.9201,26.9383,0.0000,26.3078,24.5435,26.3752,26.5362,24.9470,24.9303,25.9119,25.3424,25.1452,24.9374,23.1171,25.9037,23.1554,24.5735,24.3091,25.0010,26.8164,26.9167,26.2730,24.8122,24.3124,26.8596,26.7917,27.0543,23.5746,26.9378,23.2529,23.6654,23.6138,25.9200,26.6723,23.3477,27.6020,27.8042,27.8130,27.6985,27.4631,27.7991,27.7301,27.8603,27.8150,27.7893,27.3874,25.1393,24.7547,24.9202,0.0000,25.3428,25.0731,25.3428,24.6561,24.6950,24.9701,25.5232,25.7293,26.3527,24.9585,25.7028,25.7900,25.7132,25.1183,24.7159,27.6155,24.9112,25.1183,23.5416
2.0000,24.4817,24.4597,24.4872,24.1584,23.6279,23.0528,22.9456,24.6850,24.6994,25.4909,25.0253,25.4068,24.8694,24.2347,24.1300,23.8138,25.2002,25.1658,25.4750,24.1748,23.6478,22.9435,23.2721,23.9325,23.0103,23.3347,23.3966,24.2664,25.9271,24.4406,24.5739,24.6326,25.9461,24.3305,24.3123,25.2671,24.6336,23.9861,24.6279,24.5250,25.3774,23.6051,25.0944,25.4541,26.3371,24.5649,27.2730,27.1731,23.6799,26.6578,26.0200,25.3659,27.5582,26.8212,26.6470,25.5158,25.0298,26.5355,24.2310,27.6499,26.8524,26.8929,26.5331,26.5705,26.7312,26.6236,26.6812,27.4762,27.0099,27.0920,27.8844,27.2082,27.1478,26.8567,24.9412,24.2089,24.8074,25.9562,25.5405,23.9492,24.4546,25.2970,24.6395,24.6496,24.7498,24.7697,24.7550,24.7403,24.5772,24.8492,24.7578,24.6208,24.6018,24.4849,24.3799,23.8418,24.1468,24.2179,0.0000,25.0332,25.2262,24.6795,24.0224,24.1598,25.4323,25.3784,26.1990,26.6605,26.7935,24.1980,24.8339,27.7852,25.4790,24.9848,22.9000,22.4012,25.1379,23.9807,24.6078,25.5454,27.1298,24.6890,24.7219,24.3937,24.4294,24.3072,25.4777,26.5562,24.2582,24.2645,24.4626,23.7776,21.6615,24.4774,24.5660,24.4709,24.6838,24.7432,24.7788,24.6603,22.5175,22.7204,24.2200,24.1118,27.1257,23.9348,24.2685,24.0011,26.5472,26.6040,25.5683,25.7034,25.2266,24.5415,25.1370,23.5896,24.4306,24.2511,24.5413,24.5445,26.6096,0.0000,25.9480,24.1635,26.0475,26.2063,24.5701,24.5579,25.5733,24.9514,24.7633,24.6379,22.8262,25.5504,22.8648,24.2082,24.2629,24.7242,26.4645,26.5644,25.9461,24.5865,23.8706,26.5200,26.4554,26.7172,23.2590,26.7305,22.9618,23.3793,23.3381,25.5964,26.3237,23.0745,27.2626,27.4609,27.4698,27.3574,27.1257,27.4559,27.3935,27.5207,27.4717,27.4452,27.0501,24.7578,24.3803,24.5446,0.0000,24.9930,24.7007,24.9930,24.2923,24.3301,24.5949,25.1420,25.3774,26.0187,24.5737,25.3681,25.4295,25.3663,24.7770,24.4835,27.3012,24.5387,24.7771,23.2987
3.0000,24.4544,24.4611,24.4871,24.1642,23.6334,23.0623,22.9581,24.6586,24.6971,25.4564,25.0183,25.3798,24.8663,24.2347,24.1970,23.8320,25.4420,25.3260,25.5673,24.1699,23.6600,22.9562,23.2849,23.9457,23.0184,23.3442,23.4047,24.2661,25.8719,24.4431,24.5742,24.6320,25.8818,24.3060,24.2913,25.2505,24.6336,23.9866,24.6283,24.4961,25.3184,23.6001,25.0893,25.3924,26.2633,24.5755,27.3104,27.2107,23.7125,26.6873,26.0465,25.3631,27.5751,26.8527,26.6551,25.5088,25.1372,26.5626,24.2443,27.6681,26.8922,26.9324,26.5622,26.5990,26.7312,26.6588,26.7140,27.5178,27.0486,27.1302,27.9145,27.2419,27.1737,26.8965,24.9606,24.2199,24.8953,25.8996,25.5092,23.9491,24.4575,25.4584,24.6393,24.6485,24.7466,24.7653,24.7502,24.7361,24.5744,24.8292,24.7598,24.6220,24.6055,24.4941,24.3898,23.8380,24.1411,24.2193,0.0000,25.0246,25.2105,24.6774,24.0359,24.1370,25.4917,25.4238,26.2400,26.6990,26.8331,24.1967,24.8352,27.8159,25.4509,24.9848,22.9151,22.4112,25.1139,23.9610,24.6096,25.5374,27.1688,24.6872,24.7188,24.3992,24.4414,24.3033,25.4444,26.5950,24.2717,24.2780,24.4989,23.8062,21.6691,24.4648,24.5673,24.4583,24.6812,24.7389,24.7728,24.6710,22.5287,22.7306,24.2364,24.1282,27.1649,23.9404,24.2948,24.0300,26.5844,26.6395,25.5320,25.6645,25.1980,24.5424,25.1239,23.6163,24.5062,24.3205,24.5473,24.5473,26.6488,0.0000,26.0394,24.1692,26.0741,26.2331,24.5726,24.5612,25.5406,24.9462,24.7651,24.6521,22.8355,25.6421,22.8743,24.1766,24.2623,24.6925,26.3980,26.4954,25.8819,24.5718,23.8860,26.5480,26.4834,26.7512,23.2544,26.7508,22.9742,23.3904,23.3476,25.5470,26.2584,23.0837,27.2980,27.4978,27.5065,27.3960,27.1649,27.4928,27.4337,27.5624,27.5085,27.4827,27.0889,24.7598,24.3901,24.5474,0.0000,25.3847,24.6983,25.3847,24.3090,24.3469,24.6000,25.2719,25.5640,25.9553,24.5741,25.4620,25.4890,25.4618,25.3024,24.4837,27.3248,24.6422,25.3024,23.3043
4.0000,24.4057,24.4202,24.4424,24.1559,23.7123,23.0354,22.9327,24.6057,24.6904,25.3915,24.9648,25.3190,24.8438,24.2347,24.1748,23.8777,25.4034,25.2889,25.5372,24.1253,23.6363,22.9273,23.2581,23.9245,22.9909,23.3217,23.3830,24.2506,25.7849,24.4033,24.5425,24.5910,25.7850,24.2597,24.2464,25.1924,24.6336,23.9514,24.6214,24.4464,25.2487,23.5550,25.0313,25.3209,26.1442,24.5412,27.2352,27.1334,23.6981,26.6359,25.9897,25.3251,27.5568,26.8144,26.6170,25.4694,25.1004,26.5039,24.2156,27.6274,26.8432,26.8822,26.5055,26.5408,26.7312,26.6200,26.6768,27.4553,27.0008,27.0855,27.8778,27.1968,27.1327,26.8476,24.9370,24.1799,24.8464,25.8117,25.4418,23.9170,24.4349,25.4211,24.6390,24.6479,24.7382,24.7550,24.7418,24.7287,24.5688,24.7745,24.7231,24.6132,24.5847,24.4613,24.3547,23.7976,24.0967,24.2030,0.0000,24.9746,25.1538,24.6725,24.0110,24.0925,25.4597,25.3919,26.2019,26.6558,26.7856,24.3951,24.7966,27.7776,25.3856,24.9402,22.8889,22.3784,25.1240,23.9197,24.5910,25.4993,27.1096,24.6763,24.7083,24.3587,24.4098,24.3013,25.3802,26.5543,24.2431,24.2494,24.4542,23.7881,21.6432,24.4158,24.5359,24.4522,24.6779,24.7272,24.7613,24.6336,22.5012,22.7036,24.2143,24.1061,27.1049,23.9324,24.2736,24.0117,26.5443,26.6007,25.4669,25.5968,25.1379,24.5087,25.0629,23.6079,24.4710,24.2930,24.5247,24.5257,26.6080,0.0000,26.0014,24.1611,26.0172,26.1766,24.5501,24.5412,25.4763,24.8952,24.7281,24.5977,22.7814,25.6111,22.8203,24.0896,24.2538,24.6448,26.3334,26.4110,25.7857,24.5211,23.9541,26.4900,26.4263,26.6987,23.1904,26.7247,22.9486,23.3661,23.3250,25.5027,26.1993,23.0548,27.2393,27.4200,27.4288,27.3264,27.1049,27.4151,27.3714,27.4997,27.4308,27.3978,27.0311,24.7231,24.3550,24.5259,0.0000,25.3501,24.6917,25.3501,24.2869,24.3252,24.5723,25.2349,25.5339,25.8611,24.5423,25.4327,25.4570,25.4354,25.2683,24.4793,27.2839,24.6142,25.2684,23.2754
5.0000,24.3623,24.2953,24.3145,24.0869,23.6617,22.9756,22.8666,24.6457,24.6209,25.4710,24.9731,25.3772,24.7671,24.2347,24.0666,23.7919,25.2150,25.1229,25.4278,24.0121,23.5637,22.8615,23.1895,23.8458,22.9361,23.2623,23.3249,24.2447,26.0985,24.2791,24.4487,24.4909,26.2772,24.2181,24.2057,25.2221,24.5652,23.9204,24.5502,24.4022,25.1868,23.5559,25.0396,25.2574,26.6444,24.4580,27.1549,27.0540,23.6103,26.5497,25.8978,25.2437,27.5234,26.7393,26.5383,25.3891,24.9392,26.4128,24.1351,27.5457,26.7625,26.8017,26.4161,26.4503,26.7312,26.5429,26.6031,27.3765,26.9187,27.0023,27.8052,27.1174,27.0540,26.7668,24.8545,24.0364,24.6921,26.1255,25.5720,23.8953,24.4610,25.2517,24.5705,24.5770,24.6675,24.6829,24.6698,24.6575,24.4976,24.7999,24.6403,24.5405,24.5100,24.3705,24.2453,23.7966,24.0969,24.1966,0.0000,24.9809,25.1878,24.5987,23.9260,24.0459,25.3641,25.2997,26.1180,26.5757,26.7048,24.3185,24.7128,27.7031,25.4952,24.8564,22.8145,22.3196,25.0622,23.8628,24.5251,25.4206,27.0296,24.6020,24.6375,24.2263,24.3278,24.2969,25.4563,26.4740,24.1624,24.1687,24.3059,23.7025,21.5916,24.4271,24.4404,24.4369,24.6055,24.6517,24.6852,24.5486,22.4435,22.6449,24.1337,24.0260,27.0249,23.8643,24.1882,23.9253,26.4647,26.5232,25.4991,25.6365,25.1668,24.4076,24.9777,23.5255,24.3577,24.1838,24.4471,24.4608,26.5284,0.0000,25.8914,24.0923,25.9255,26.0858,24.4848,24.4782,25.5869,24.8117,24.6452,24.4992,22.6900,25.5017,22.7288,23.9770,24.2506,24.6111,26.3521,26.4522,26.2591,24.5363,23.8697,26.3995,26.3362,26.6139,23.0917,26.6753,22.8821,23.3024,23.2654,25.4900,26.2120,22.9984,27.1609,27.3392,27.3481,27.2499,27.0249,27.3343,27.2918,27.4208,27.3501,27.3162,26.9505,24.6403,24.2457,24.4609,0.0000,25.1280,24.6221,25.1280,24.2059,24.2436,24.4899,25.0707,25.3869,26.2798,24.4486,25.3178,25.3613,25.3281,25.0074,24.4344,27.2043,24.4834,25.0074,23.2306
6.0000,24.2859,24.2054,24.2240,24.0051,23.5859,22.9116,22.8027,24.5457,24.5302,25.3643,24.8808,25.2769,24.6754,24.2347,23.9864,23.7107,25.1291,25.0384,25.3372,23.9171,23.5023,22.8399,23.1573,23.7728,22.8715,23.1793,23.2389,24.2177,25.9579,24.1896,24.3585,24.3995,26.1183,24.1413,24.1315,25.1238,24.4754,23.8570,24.4633,24.3252,25.0990,23.4690,24.9472,25.1686,26.4401,24.3779,27.1001,27.0013,23.5323,26.4770,25.8236,25.1581,27.4923,26.6647,26.4636,25.3025,24.8543,26.3339,24.0551,27.4593,26.6844,26.7244,26.3385,26.3724,26.7312,26.4656,26.5292,27.3010,26.8380,26.9177,27.7347,27.0411,26.9767,26.6887,24.7743,23.9488,24.6060,25.9838,25.4596,23.8356,24.3731,25.1677,24.4806,24.4857,24.5757,24.5903,24.5770,24.5656,24.4060,24.7034,24.5518,24.4529,24.4223,24.2834,24.1580,23.7147,24.0171,24.1678,0.0000,24.8873,25.0895,24.5079,23.8509,23.9655,25.2763,25.2144,26.0361,26.4968,26.6264,24.2328,24.6234,27.6307,25.3858,24.7655,22.7599,22.2841,24.9915,23.7751,24.4365,25.3340,26.9591,24.5131,24.5480,24.1372,24.2479,24.3027,25.3506,26.3937,24.0825,24.0888,24.2187,23.6229,21.5309,24.3398,24.3489,24.4545,24.5161,24.5619,24.5952,24.4695,22.3821,22.5823,24.0520,23.9446,26.9553,23.7831,24.1060,23.8450,26.3861,26.4456,25.3928,25.5277,25.0652,24.3176,24.8920,23.4544,24.2698,24.1011,24.3600,24.3729,26.4477,0.0000,25.8013,24.0104,25.8510,26.0103,24.3969,24.3906,25.4785,24.7247,24.5567,24.4361,22.6254,25.4113,22.6644,23.8924,24.2361,24.5294,26.2326,26.3253,26.1020,24.4465,23.7878,26.3211,26.2589,26.5360,23.0205,26.6256,22.8190,23.2286,23.1827,25.3939,26.0955,22.9363,27.0888,27.2871,27.2960,27.1890,26.9553,27.2821,27.2176,27.3452,27.2979,27.2721,26.8801,24.5518,24.1583,24.3730,0.0000,25.0416,24.5313,25.0416,24.1232,24.1600,24.4021,24.9868,25.2965,26.1280,24.3584,25.2195,25.2734,25.2391,24.9218,24.3795,27.1242,24.4015,24.9219,23.1675
7.0000,24.2825,24.2440,24.2639,24.0021,23.5749,22.9204,22.8109,24.5543,24.5258,25.3731,24.8868,25.2894,24.6702,24.2347,24.0056,23.7191,25.1721,25.0842,25.3402,23.9281,23.5085,22.8366,23.1573,23.7805,22.8808,23.1978,23.2582,24.2190,25.9589,24.2282,24.3707,24.4135,26.1197,24.1377,24.1301,25.1313,24.4725,23.8620,24.4660,24.3213,25.0840,23.4860,24.9512,25.1526,26.4428,24.3767,27.0804,26.9796,23.5428,26.4737,25.8176,25.1575,27.4943,26.6627,26.4609,25.3017,24.9072,26.3280,24.0566,27.4597,26.6721,26.7093,26.3314,26.3653,26.7312,26.4606,26.5247,27.2802,26.8275,26.9100,27.7317,27.0254,26.9856,26.6764,24.7776,24.0102,24.6663,25.9844,25.4650,23.8419,24.2736,25.2166,24.4777,24.4830,24.5712,24.5860,24.5724,24.5610,24.4026,24.7132,24.5614,24.4570,24.4295,24.3000,24.1904,23.7319,24.0287,24.1674,0.0000,24.8938,25.0963,24.5095,23.8632,23.9663,25.2758,25.2172,26.0329,26.4888,26.6153,24.2382,24.6324,27.6271,25.3915,24.7731,22.7668,22.2800,24.9965,23.7844,24.4283,25.3339,26.9436,24.5159,24.5481,24.1844,24.2479,24.2993,25.3600,26.3878,24.0840,24.0902,24.2796,23.6315,21.5396,24.3508,24.3632,24.4437,24.5139,24.5636,24.5962,24.4665,22.3902,22.5908,24.0589,23.9515,26.9410,23.7799,24.1134,23.8537,26.3802,26.4407,25.4003,25.5349,25.0737,24.3361,24.8997,23.4697,24.2886,24.1205,24.3667,24.3637,26.4419,0.0000,25.8044,24.0072,25.8450,26.0045,24.3878,24.3797,25.4849,24.7333,24.5662,24.4194,22.6115,25.4151,22.6504,23.8692,24.2365,24.5208,26.2297,26.3232,26.1032,24.4572,23.7958,26.3146,26.2524,26.5262,23.0036,26.6228,22.8271,23.2422,23.2012,25.3809,26.0912,22.9446,27.0482,27.2668,27.2762,27.1768,26.9410,27.2618,27.1979,27.3243,27.2780,27.2475,26.8636,24.5614,24.1907,24.3638,0.0000,25.0728,24.5269,25.0728,24.1300,24.1671,24.4131,25.0381,25.3118,26.1287,24.3705,25.2194,25.2727,25.2422,24.9523,24.3812,27.1305,24.4311,24.9523,23.1759
8.0000,24.2572,24.2233,24.2429,23.9842,23.5579,22.9048,22.7950,24.5313,24.5070,25.3505,24.8635,25.2688,24.6456,24.2347,23.9831,23.7010,25.1381,25.0516,25.3147,23.9050,23.4966,22.8403,23.1573,23.7646,22.8645,23.1757,23.2351,24.2121,25.9363,24.2075,24.3510,24.3952,26.0984,24.1120,24.1064,25.1059,24.4537,23.8449,24.4470,24.2955,25.0504,23.4645,24.9276,25.1182,26.4238,24.3652,27.0886,26.9890,23.5245,26.4701,25.8150,25.1441,27.4886,26.6600,26.4514,25.2878,24.8776,26.3273,24.0444,27.4496,26.6748,26.7132,26.3314,26.3659,26.7312,26.4572,26.5217,27.2742,26.8290,26.9101,27.7266,27.0250,26.9852,26.6791,24.7644,23.9898,24.6377,25.9617,25.4415,23.8263,24.2540,25.1809,24.4589,24.4643,24.5520,24.5666,24.5545,24.5424,24.3836,24.6897,24.5416,24.4377,24.4099,24.2804,24.1705,23.7111,24.0082,24.1624,0.0000,24.8706,25.0718,24.4902,23.8460,23.9407,25.2553,25.2003,26.0246,26.4872,26.6167,24.2192,24.6121,27.6226,25.3678,24.7525,22.7558,22.2761,24.9786,23.7588,24.4092,25.3202,26.9469,24.4960,24.5280,24.1636,24.2361,24.2965,25.3377,26.3835,24.0718,24.0780,24.2569,23.6135,21.5242,24.3288,24.3424,24.4346,24.4951,24.5432,24.5751,24.4558,22.3733,22.5747,24.0408,23.9335,26.9439,23.7622,24.0952,23.8355,26.3768,26.4371,25.3741,25.5081,25.0488,24.3162,24.8807,23.4522,24.2638,24.0972,24.3472,24.3446,26.4373,0.0000,25.7721,23.9893,25.8425,26.0024,24.3687,24.3602,25.4634,24.7142,24.5464,24.4113,22.6071,25.3887,22.6458,23.8640,24.2322,24.4954,26.2103,26.2966,26.0818,24.4347,23.7775,26.3143,26.2518,26.5272,23.0001,26.6206,22.8118,23.2232,23.1791,25.3581,26.0722,22.9275,27.0656,27.2753,27.2844,27.1815,26.9439,27.2702,27.1952,27.3143,27.2862,27.2576,26.8687,24.5416,24.1708,24.3447,0.0000,25.0390,24.5081,25.0390,24.1117,24.1485,24.3933,25.0056,25.2811,26.1070,24.3508,25.1925,25.2519,25.2165,24.9176,24.3692,27.1271,24.4046,24.9176,23.1598
9.0000,24.2703,24.2372,24.2571,23.9959,23.5683,22.9083,22.7985,24.5630,24.5203,25.3912,24.8926,25.3096,24.6618,24.2347,23.9894,23.7118,25.1422,25.0567,25.3195,23.9255,23.5021,22.8382,23.1573,23.7733,22.8682,23.1767,23.2373,24.2201,25.9847,24.2213,24.3646,24.4084,26.1493,24.1282,24.1200,25.1391,24.4672,23.8550,24.4606,24.3086,25.0618,23.4890,24.9580,25.1296,26.4807,24.3818,27.1058,27.0059,23.5323,26.4819,25.8285,25.1649,27.4874,26.6704,26.4700,25.3090,24.8846,26.3443,24.0585,27.4640,26.6866,26.7264,26.3467,26.3820,26.7312,26.4647,26.5295,27.2916,26.8443,26.9268,27.7337,27.0439,27.0060,26.6909,24.7752,24.0028,24.6451,26.0107,25.4808,23.8380,24.2672,25.1851,24.4724,24.4787,24.5646,24.5786,24.5688,24.5563,24.3966,24.7204,24.5560,24.4515,24.4241,24.2935,24.1835,23.7336,24.0309,24.1717,0.0000,24.8989,25.1042,24.5050,23.8555,23.9551,25.2611,25.2079,26.0329,26.4968,26.6280,24.2321,24.6267,27.6304,25.4057,24.7675,22.7544,22.2756,24.9881,23.7692,24.4225,25.3409,26.9613,24.5098,24.5419,24.1770,24.2515,24.2976,25.3784,26.3922,24.0858,24.0920,24.2658,23.6222,21.5277,24.3551,24.3561,24.4380,24.5087,24.5571,24.5886,24.4734,22.3739,22.5770,24.0516,23.9442,26.9575,23.7737,24.1048,23.8443,26.3853,26.4447,25.4141,25.5506,25.0844,24.3298,24.8968,23.4447,24.2825,24.1072,24.3607,24.3579,26.4456,0.0000,25.7795,24.0009,25.8562,26.0167,24.3822,24.3737,25.5042,24.7294,24.5609,24.4086,22.6133,25.3936,22.6516,23.8843,24.2371,24.5189,26.2583,26.3421,26.1328,24.4622,23.7887,26.3305,26.2672,26.5406,23.0119,26.6266,22.8147,23.2252,23.1802,25.3937,26.1179,22.9296,27.0927,27.2934,27.3023,27.1972,26.9575,27.2883,27.2107,27.3318,27.3042,27.2769,26.8833,24.5560,24.1838,24.3581,0.0000,25.0424,24.5215,25.0424,24.1227,24.1597,24.4072,25.0121,25.2860,26.1584,24.3644,25.1938,25.2576,25.2214,24.9203,24.3778,27.1460,24.4105,24.9203,23.1659
10.0000,24.3407,24.3173,24.3382,24.0641,23.6324,22.9590,22.8575,24.6385,24.5994,25.4780,24.9642,25.3984,24.7443,24.2347,24.0595,23.7796,25.2253,25.1408,25.3739,24.0070,23.5454,22.8341,23.1642,23.8309,22.9185,23.2342,23.2963,24.2408,26.0802,24.3008,24.4424,24.4867,26.2481,24.2006,24.1872,25.2175,24.5451,23.9059,24.5342,24.3797,25.1484,23.5562,25.0279,25.2175,26.5839,24.4512,27.1623,27.0603,23.5962,26.5380,25.8866,25.2442,27.5095,26.7233,26.5395,25.3902,24.9677,26.4081,24.1241,27.5301,26.7411,26.7808,26.4076,26.4441,26.7312,26.5173,26.5799,27.3530,26.9045,26.9910,27.7843,27.1077,27.0681,26.7454,24.8384,24.0799,24.7295,26.1068,25.5663,23.8850,24.3405,25.2724,24.5504,24.5568,24.6466,24.6628,24.6477,24.6354,24.4776,24.7957,24.6318,24.5254,24.4981,24.3669,24.2582,23.7988,24.0931,24.1928,0.0000,24.9727,25.1818,24.5777,23.9163,24.0250,25.3173,25.2671,26.0884,26.5508,26.6825,24.3042,24.7038,27.6821,25.4894,24.8462,22.8122,22.2943,25.0780,23.8347,24.4983,25.4214,27.0175,24.5855,24.6187,24.2559,24.3190,24.2999,25.4656,26.4460,24.1514,24.1576,24.3465,23.6861,21.5751,24.4234,24.4337,24.4463,24.5856,24.6332,24.6653,24.5436,22.4287,22.6292,24.1177,24.0100,27.0135,23.8416,24.1697,23.9088,26.4392,26.4974,25.5120,25.6521,25.1716,24.4081,24.9745,23.5015,24.3673,24.1832,24.4341,24.4327,26.4991,0.0000,25.8338,24.0694,25.9144,26.0760,24.4574,24.4491,25.5901,24.8059,24.6367,24.4530,22.6593,25.4476,22.6973,23.9464,24.2485,24.5978,26.3755,26.4628,26.2313,24.5327,23.8570,26.3930,26.3284,26.5984,23.0629,26.6612,22.8725,23.2835,23.2378,25.4880,26.2314,22.9811,27.1503,27.3507,27.3597,27.2542,27.0135,27.3456,27.2697,27.3953,27.3615,27.3348,26.9385,24.6318,24.2585,24.4329,0.0000,25.1133,24.6005,25.1133,24.1898,24.2278,24.4816,25.0973,25.3410,26.2565,24.4423,25.2436,25.3137,25.2759,24.9902,24.4243,27.2093,24.4860,24.9902,23.2152
11.0000,24.4301,24.4228,24.4456,24.1546,23.7170,23.0347,22.9338,24.7622,24.6919,25.6212,25.0762,25.5387,24.8448,24.2347,24.1250,23.8626,25.2463,25.1873,25.3993,24.1025,23.6257,22.9050,23.2381,23.9147,22.9920,23.3096,23.3719,24.2704,26.2578,24.4050,24.5444,24.5911,26.4336,24.2874,24.2722,25.3403,24.6336,23.9778,24.6245,24.4702,25.2602,23.6509,25.1414,25.3312,26.7812,24.5404,27.2208,27.1159,23.6702,26.5927,25.9417,25.3437,27.5235,26.7808,26.6214,25.4909,25.0336,26.4655,24.2068,27.5630,26.8042,26.8433,26.4649,26.5004,26.7312,26.5789,26.6389,27.4147,26.9693,27.0580,27.8400,27.1704,27.1192,26.8084,24.9154,24.1770,24.8030,26.2870,25.7099,23.9526,24.4321,25.3173,24.6391,24.6473,24.7415,24.7599,24.7426,24.7293,24.5712,24.9098,24.7315,24.6173,24.5920,24.4585,24.3516,23.8896,24.1842,24.2202,0.0000,25.0858,25.3040,24.6713,24.0013,24.1133,25.3635,25.3259,26.1498,26.6136,26.7455,24.3935,24.8054,27.7397,25.6288,24.9501,22.8918,22.3672,25.2136,23.9266,24.5927,25.5198,27.0790,24.6797,24.7133,24.3579,24.4049,24.2935,25.6083,26.5088,24.2339,24.2402,24.4367,23.7602,21.6443,24.5248,24.5350,24.4268,24.6761,24.7282,24.7603,24.6351,22.5044,22.7045,24.2004,24.0923,27.0750,23.9314,24.2452,23.9836,26.5015,26.5590,25.6252,25.7672,25.2852,24.5106,25.0975,23.5753,24.4436,24.2543,24.5265,24.5275,26.5620,0.0000,25.8645,24.1601,25.9697,26.1318,24.5532,24.5424,25.7348,24.9171,24.7368,24.5069,22.7043,25.4727,22.7427,23.9701,24.2645,24.6867,26.4752,26.5786,26.4165,24.6376,23.9410,26.4503,26.3852,26.6591,23.1052,26.7018,22.9493,23.3604,23.3132,25.5788,26.3285,23.0509,27.2079,27.4121,27.4210,27.3144,27.0739,27.4070,27.3306,27.4590,27.4229,27.3956,27.0004,24.7315,24.3520,24.5276,0.0000,25.0859,24.6931,25.0859,24.2726,24.3110,24.5760,25.1564,25.3354,26.4412,24.5442,25.2557,25.3596,25.2980,24.9331,24.4814,27.2536,24.5441,24.9331,23.2869
12.0000,24.3656,24.3386,24.3642,24.0617,23.6224,22.9528,22.8463,24.7149,24.5954,25.5834,25.0159,25.5010,24.7591,24.2347,24.0061,23.7584,25.1001,25.0442,25.2374,24.0272,23.5377,22.8262,23.1573,23.8215,22.9136,23.2304,23.2938,24.2446,26.2246,24.3193,24.4535,24.4976,26.4050,24.2254,24.2081,25.2867,24.5407,23.9132,24.5322,24.4055,25.1923,23.5942,25.0816,25.2630,26.7610,24.3644,27.0438,26.9479,23.5610,26.4105,25.7496,25.1462,27.4443,26.6191,26.4263,25.2896,24.8866,26.2722,24.0487,27.2818,26.6330,26.6732,26.2764,26.3101,26.7312,26.4253,26.4919,27.2372,26.7723,26.8422,27.6888,26.9269,26.8995,26.6370,24.7711,24.0857,24.6818,26.2546,25.6648,23.8963,24.3375,25.1749,24.5457,24.5554,24.6376,24.6489,24.6566,24.6379,24.4692,24.8555,24.6445,24.5249,24.5010,24.3639,24.2582,23.8318,24.1285,24.1924,0.0000,25.0235,25.2488,24.5727,23.9079,24.0536,25.2147,25.1872,25.9987,26.4512,26.5750,24.2976,24.7215,27.5850,25.5818,24.8701,22.7954,22.2837,25.1323,23.8710,24.4983,25.3174,26.9018,24.5869,24.6199,24.2693,24.2376,24.2922,25.5705,26.3519,24.0760,24.0823,24.3324,23.6514,21.5704,24.4699,24.4429,24.4213,24.5787,24.6361,24.6656,24.4511,22.4213,22.6225,24.0998,23.9922,26.8981,23.8394,24.1348,23.8738,26.3444,26.4053,25.5438,25.6851,25.2166,24.4209,25.0152,23.4683,24.3203,24.1339,24.4334,24.4337,26.4059,0.0000,25.7019,24.0672,25.7776,25.9413,24.4597,24.4481,25.6931,24.8328,24.6498,24.3131,22.5115,25.3094,22.5503,23.6406,24.2500,24.6114,26.3605,26.4603,26.3878,24.5829,23.8380,26.2587,26.1953,26.4788,22.8753,26.6047,22.8611,23.2757,23.2337,25.4620,26.2142,22.9689,27.0371,27.2329,27.2417,27.1371,26.8912,27.2279,27.1512,27.2812,27.2436,27.2172,26.8225,24.6445,24.2586,24.4339,0.0000,24.9334,24.5968,24.9334,24.1712,24.2093,24.4848,24.9984,25.1735,26.4118,24.4533,25.0786,25.2104,25.1323,24.7804,24.4231,26.9924,24.4158,24.7804,23.2152
13.0000,23.9650,23.8501,23.8772,23.5975,23.1584,22.5504,22.4262,24.2812,24.1337,25.1368,24.5545,25.0477,24.2549,23.9233,23.4855,23.2825,24.4445,24.4413,24.6254,23.5449,23.1410,22.5769,22.8687,23.3783,22.5110,22.7801,22.8355,23.8951,25.7493,23.8296,23.9714,24.0153,25.9302,23.8130,23.8041,24.8282,24.0795,23.5122,24.0664,24.0061,24.8172,23.1626,24.6186,24.8901,26.2847,23.8202,26.3548,26.2678,23.0721,25.8134,25.1637,24.6181,26.9240,25.9814,25.8590,24.7669,24.3088,25.6560,23.5126,26.4882,25.9519,25.9913,25.6519,25.6836,26.3179,25.8005,25.8753,26.5324,26.0711,26.1270,27.0697,26.2287,26.1839,25.9558,24.2132,23.5862,24.1343,25.7779,25.2026,23.5001,23.8527,24.5734,24.0846,24.0900,24.1765,24.1891,24.1969,24.1777,24.0094,24.4158,24.1604,24.0549,24.0240,23.8746,23.7655,23.3996,23.7016,23.8466,0.0000,24.5618,24.7893,24.1051,23.4543,23.6385,24.6266,24.6132,25.3830,25.7975,25.8951,23.8258,24.2396,26.9609,25.1205,24.3888,22.3949,21.9921,24.5436,23.4470,24.0233,24.7918,26.2087,24.1205,24.1585,23.7736,23.6967,23.9845,25.1228,25.7173,23.5390,23.5451,23.8110,23.1593,21.1914,24.0367,23.9606,24.1203,24.1169,24.1719,24.2028,23.9001,22.0283,22.2259,23.6177,23.5122,26.2056,23.3791,23.6315,23.3771,25.7097,25.7801,25.1001,25.2387,24.7748,23.9370,24.5138,22.9919,23.7858,23.6093,23.9530,23.9562,25.7731,0.0000,25.0820,23.6025,25.1896,25.3452,23.9813,23.9669,25.2394,24.3407,24.1654,23.8004,22.0520,24.6956,22.0892,23.3024,23.9177,24.2000,25.9691,26.0582,25.9132,24.1478,23.3626,25.6389,25.5798,25.8258,22.4615,26.0590,22.4448,22.8381,22.7838,25.0589,25.8220,22.5602,26.3506,26.5378,26.5462,26.4414,26.1883,26.5329,26.4508,26.5753,26.5481,26.5235,26.1258,24.1604,23.7658,23.9563,0.0000,24.1955,24.1350,24.1955,23.6846,23.7202,24.0021,24.4053,24.5204,25.9358,23.9713,24.4552,24.6222,24.5164,23.9777,24.0141,26.2007,23.8629,23.9777,22.8145
14.0000,23.5134,23.2755,23.3038,23.0656,22.6376,22.0443,21.9196,23.7770,23.6020,24.6211,24.0252,24.5307,23.7232,23.4006,22.8982,22.7294,23.7683,23.7895,23.9350,23.0059,22.6067,22.0584,22.3415,22.8326,22.0102,22.2679,22.3210,23.3758,25.2355,23.2531,23.4229,23.4645,25.4119,23.3569,23.3407,24.2989,23.5472,23.0101,23.5268,23.5574,24.4258,22.6665,24.0912,24.5039,25.7582,23.2303,25.4797,25.3985,22.5047,25.0471,24.4055,24.0198,26.1812,25.1836,25.1746,24.1690,23.6613,24.8717,22.9119,25.4923,25.1204,25.1587,24.8612,24.8902,25.6259,25.0284,25.1034,25.6689,25.2234,25.2710,26.2832,25.3666,25.2908,25.1243,23.5756,22.9775,23.4983,25.2658,24.6797,22.9937,23.4277,23.9242,23.5523,23.5582,23.6433,23.6549,23.6677,23.6478,23.4791,23.9057,23.6177,23.5132,23.4774,23.3163,23.1934,22.8945,23.1960,23.3277,0.0000,24.0307,24.2603,23.5685,22.9015,23.1775,23.9474,23.9402,24.6383,24.9982,25.0665,23.2807,23.7008,26.1724,24.5963,23.8545,21.8954,21.4988,23.9937,22.9735,23.4933,24.1889,25.3454,23.5808,23.6211,23.1843,23.1007,23.4595,24.6069,24.9404,22.9373,22.9433,23.1953,22.5864,20.7200,23.5291,23.4079,23.5898,23.5831,23.6345,23.6668,23.3178,21.5370,21.7283,23.0547,22.9518,25.3404,22.8525,23.0447,22.7988,24.9318,25.0086,24.5929,24.7322,24.2662,23.3817,23.9875,22.4168,23.2168,23.0304,23.4042,23.4275,24.9965,0.0000,24.3705,23.0709,24.4296,24.5788,23.4507,23.4356,24.7200,23.8070,23.6228,23.1096,21.4299,24.0021,21.4651,22.7678,23.3971,23.7454,25.5181,25.6060,25.3957,23.6394,22.8107,24.8516,24.7967,25.0131,21.8751,25.3152,21.9388,22.3239,22.2714,24.6045,25.3705,22.0603,25.4984,25.6537,25.6615,25.5578,25.2973,25.6492,25.5848,25.7104,25.6634,25.6375,25.2679,23.6177,23.1935,23.4276,0.0000,23.5211,23.6035,23.5210,23.1190,23.1532,23.4523,23.7525,23.8379,25.4186,23.4227,23.7549,23.9430,23.8222,23.3066,23.4807,25.2148,23.2503,23.3067,22.3118
15.0000,24.7129,24.3546,24.3917,24.0732,23.6046,22.9848,22.8563,24.9594,24.6809,25.8723,25.1407,25.7564,24.8105,24.2347,23.8822,23.7149,24.7699,24.8215,24.8823,24.0759,23.5377,22.8242,23.1573,23.8073,22.9578,23.2611,23.3264,24.2876,26.5568,24.3273,24.4889,24.5436,26.7612,24.5404,24.4979,25.4633,24.6178,24.0384,24.5666,24.7678,25.8551,23.7246,25.2091,25.9530,27.1463,24.2417,26.4106,26.3276,23.4620,26.0238,25.3735,25.0929,27.0147,26.1038,26.2220,25.2547,24.7133,25.8532,23.8949,26.2713,26.0637,26.1037,25.8333,25.8655,26.3179,25.9725,26.0352,26.6328,26.1639,26.2103,27.2679,26.3061,26.1545,26.0678,24.5638,24.0319,24.5546,26.5929,25.9105,23.9970,24.4630,24.9657,24.6237,24.6261,24.7378,24.7613,24.7522,24.7313,24.5623,25.0749,24.6629,24.5486,24.5167,24.3152,24.2084,23.9622,24.2712,24.2351,0.0000,25.1523,25.4193,24.6159,23.8931,24.3331,24.8984,24.9042,25.5936,25.9452,26.0092,24.3014,24.7625,27.1577,25.8130,24.9330,22.8012,22.2903,25.1640,24.0810,24.5392,25.2719,26.2803,24.6276,24.6654,24.2551,24.0986,24.3000,25.8540,25.8927,23.9207,23.9269,24.2535,23.5478,21.6121,24.6475,24.4778,24.4474,24.6509,24.6907,24.7294,24.3375,22.4522,22.6538,24.0438,23.9365,26.2731,23.8513,24.0254,23.7692,25.8798,25.9531,25.8852,26.0448,25.4999,24.4497,25.0711,23.3495,24.2491,24.0334,24.4348,24.4627,25.9494,0.0000,25.3410,24.0793,25.3980,25.5496,24.4815,24.4645,25.9693,24.8661,24.6688,24.0544,22.3289,24.9537,22.3643,23.9126,24.2742,24.9813,27.0373,27.1151,26.7442,24.7724,23.8013,25.8287,25.7705,25.9714,22.8530,26.1728,22.8717,23.2967,23.2641,25.9670,26.8692,23.0080,26.4462,26.5882,26.5963,26.4941,26.2072,26.5837,26.5397,26.6763,26.5983,26.5668,26.2054,24.6629,24.2087,24.4630,0.0000,24.4420,24.6825,24.4419,24.1123,24.1540,24.4814,24.7996,24.7804,26.7643,24.4887,24.6894,24.8936,24.7578,24.1827,24.4448,25.9960,24.2531,24.1827,23.2764
16.0000,24.8502,24.4219,24.4635,24.0853,23.5962,23.0148,22.8819,25.0324,24.6952,25.9715,25.2059,25.8508,24.8576,24.2347,23.9008,23.7271,24.8073,24.8656,24.8346,24.1310,23.5549,22.8185,23.1573,23.8270,22.9903,23.2989,23.3661,24.3056,26.6782,24.3924,24.5251,24.5824,26.8923,24.6667,24.6127,25.5413,24.6336,24.0828,24.5950,24.9107,26.1104,23.7514,25.2754,26.2185,27.2861,24.2099,26.1989,26.1064,23.4683,25.9055,25.2414,25.0744,26.9775,25.9653,26.1722,25.2412,24.7690,25.7078,23.8645,25.8904,25.8995,25.9263,25.6849,25.7136,26.3179,25.8666,25.9309,26.4452,25.9982,26.0531,27.1786,26.1071,25.8813,25.9035,24.5284,24.1032,24.6171,26.7159,26.0060,24.0271,24.3647,25.0137,24.6396,24.6539,24.7385,24.7516,24.7909,24.7580,24.5693,25.1343,24.7144,24.5793,24.5496,24.3489,24.2552,23.9777,24.2844,24.2603,0.0000,25.2169,25.4950,24.6585,23.9199,24.4453,24.8475,24.8596,25.5031,25.8143,25.8520,24.3266,24.8222,27.0622,25.9045,25.0044,22.8228,22.2984,25.2151,24.1656,24.5481,25.2576,26.0831,24.6628,24.7011,24.3247,24.0672,24.3116,25.9524,25.7813,23.8900,23.8962,24.3234,23.5505,21.6427,24.6815,24.5083,24.4841,24.6747,24.7288,24.7628,24.3026,22.4857,22.6851,24.0565,23.9491,26.0802,23.8632,24.0253,23.7719,25.7665,25.8472,25.9940,26.1581,25.5853,24.4929,25.1555,23.3479,24.2777,24.0552,24.4623,24.4703,25.8404,0.0000,25.2862,24.0912,25.2650,25.4148,24.4895,24.4692,26.0710,24.9346,24.7207,23.9313,22.2153,24.9046,22.2505,23.8349,24.2841,25.1440,27.3021,27.3654,26.8756,24.8137,23.8154,25.6814,25.6263,25.8145,22.7421,26.1046,22.8972,23.3286,23.3017,26.2033,27.1256,23.0416,26.1857,26.3772,26.3860,26.2931,25.9794,26.3729,26.3501,26.4883,26.3878,26.3572,25.9338,24.7144,24.2556,24.4706,0.0000,24.4512,24.6971,24.4512,24.1246,24.1672,24.5188,24.8518,24.7526,26.8938,24.5249,24.6397,24.8425,24.7032,24.1899,24.4628,25.6212,24.2818,24.1900,23.3082
17.0000,24.9542,24.4733,24.5208,23.9036,23.3590,23.0069,22.8594,25.0519,24.7081,25.9665,25.2027,25.8509,24.9014,24.2347,23.9032,23.7312,24.8269,24.8928,24.8007,24.1850,23.5255,22.8281,23.1573,23.7761,22.9880,23.2874,23.3549,24.3125,26.4806,24.4412,24.5818,24.6543,26.5267,24.7590,24.6977,25.5381,24.6336,24.1022,24.6097,25.0199,26.3251,23.7579,25.2707,26.4427,26.9354,24.2303,26.1182,26.0249,23.4572,25.8694,25.2074,25.1177,26.9657,25.8723,26.1744,25.2913,24.8050,25.6712,23.8702,25.6034,25.8125,25.8398,25.6386,25.6680,26.3179,25.8040,25.8663,26.3552,25.9152,25.9726,27.1338,26.0365,25.6775,25.8166,24.5175,24.1415,24.6545,26.5223,25.9393,24.0364,24.4109,25.0479,24.6405,24.6642,24.7494,24.7630,24.8094,24.7744,24.5794,25.1569,24.7438,24.5961,24.5718,24.3659,24.2804,23.9847,24.2844,24.2637,0.0000,25.2158,25.4854,24.6805,23.8911,24.5263,24.8130,24.8303,25.4502,25.7398,25.7640,24.3397,24.8582,27.0135,25.8504,25.0458,22.8054,22.2995,25.1723,24.2251,24.5879,25.3061,25.9922,24.6851,24.7225,24.3716,24.0803,24.3174,25.9483,25.7178,23.8954,23.9016,24.3635,23.5434,21.6405,24.6919,24.5715,24.5030,24.6898,24.7544,24.7897,24.3289,22.4801,22.6782,24.0501,23.9427,25.9884,23.6806,24.0207,23.7648,25.7011,25.7846,26.1149,26.2830,25.6594,24.5477,25.1985,23.3179,24.3066,24.0673,24.4862,24.5167,25.7778,0.0000,25.2540,23.9069,25.2304,25.3787,24.5360,24.5100,26.0357,24.9690,24.7504,23.9177,22.2061,24.8719,22.2412,23.9484,24.2900,25.2656,27.5751,27.6365,26.5290,24.8275,23.8208,25.6404,25.5847,25.7492,22.7456,26.0639,22.8764,23.3124,23.2902,26.3892,27.3909,23.0433,26.1045,26.2980,26.3064,26.2026,25.8744,26.2937,26.2614,26.3982,26.3083,26.2825,25.8485,24.7438,24.2807,24.5171,0.0000,24.4496,24.7102,24.4495,24.1230,24.1724,24.5419,24.8855,24.7289,26.6030,24.5816,24.6047,24.8078,24.6637,24.1848,24.4721,25.3200,24.2938,24.1849,23.3094
18.0000,25.0568,24.5414,24.5934,23.9244,23.3278,23.0410,22.8870,25.1245,24.7524,26.0684,25.2760,25.9464,24.9583,24.2347,23.9405,23.7324,24.8774,24.9475,24.8043,24.2562,23.5489,22.8161,23.1573,23.8046,23.0247,23.3412,23.4129,24.3285,26.6122,24.5077,24.6334,24.7121,26.6661,24.8523,24.7847,25.6230,24.6770,24.1418,24.6492,25.1265,26.5146,23.7939,25.3450,26.6397,27.0869,24.2761,26.0823,25.9874,23.4823,25.8770,25.2174,25.1797,26.9748,25.8167,26.2158,25.3583,24.8666,25.6790,23.9076,25.3236,25.7858,25.8137,25.6384,25.6684,26.3179,25.7862,25.8444,26.3284,25.8916,25.9521,27.1308,26.0101,25.4880,25.7899,24.5436,24.2106,24.7178,26.6558,26.0426,24.0652,24.3719,25.1064,24.6843,24.7103,24.7943,24.8088,24.8562,24.8205,24.6252,25.2188,24.7993,24.6351,24.6153,24.4112,24.3341,24.0055,24.3002,24.2790,0.0000,25.2885,25.5686,24.7230,23.9259,24.6153,24.8172,24.8386,25.4408,25.7187,25.7379,24.2678,24.9187,27.0072,25.9496,25.1131,22.8231,22.2887,25.2261,24.3054,24.6228,25.3746,25.9543,24.7272,24.7632,24.4406,24.1218,24.3275,26.0492,25.7008,23.9324,23.9386,24.4334,23.5685,21.6750,24.7284,24.6237,24.5355,24.7348,24.7996,24.8370,24.3776,22.5163,22.7131,24.0810,23.9735,25.9488,23.7011,24.0461,23.7901,25.6839,25.7671,26.2223,26.3955,25.7451,24.6028,25.2741,23.3224,24.3737,24.1156,24.5272,24.5492,25.7601,0.0000,25.2622,23.9276,25.2399,25.3865,24.5702,24.5425,26.1386,25.0351,24.8062,23.9478,22.2497,24.8760,22.2839,24.1357,24.2982,25.3733,27.7700,27.8366,26.6681,24.8712,23.8114,25.6448,25.5882,25.7349,22.8328,26.0501,22.9032,23.3531,23.3437,26.5260,27.5790,23.0814,26.0760,26.2626,26.2710,26.1649,25.8137,26.2583,26.2303,26.3714,26.2729,26.2482,25.8225,24.7993,24.3344,24.5495,0.0000,24.4801,24.7545,24.4801,24.1543,24.2048,24.5887,24.9439,24.7424,26.7415,24.6331,24.6072,24.8119,24.6620,24.2111,24.4971,25.0375,24.3379,24.2112,23.3437
19.0000,25.2034,24.6810,24.7369,24.0252,23.3681,23.1324,22.9797,25.2952,24.8878,26.2673,25.4191,26.1302,25.0930,24.2114,24.0361,23.8047,24.9533,25.0380,24.8866,24.4091,23.6374,22.8664,23.2173,23.9040,23.1169,23.4421,23.5152,24.3547,26.8687,24.6454,24.7726,24.8647,26.9394,24.9953,24.9211,25.7890,24.8093,24.2423,24.7681,25.2760,26.7209,23.9288,25.4838,26.8511,27.3930,24.4046,26.2076,26.1002,23.5792,26.0382,25.3963,25.3230,27.0223,25.8827,26.3441,25.5063,24.9743,25.8486,24.0268,25.1895,25.9055,25.9339,25.7985,25.8309,26.3179,25.8889,25.9377,26.4485,26.0431,26.1268,27.2369,26.1521,25.4420,25.9098,24.6581,24.3402,24.8406,26.9162,26.2434,24.1549,24.4995,29.6507,24.8168,24.8435,24.9338,24.9514,24.9930,24.9576,24.7628,25.3796,24.9344,24.7531,24.7389,24.5315,24.4576,24.1424,24.4278,24.3031,0.0000,25.4363,25.7327,24.8488,24.0307,24.7560,24.9077,24.9380,25.5451,25.8295,25.8553,24.2584,25.0591,27.1144,26.1429,25.2595,22.9138,22.3560,25.3494,24.4427,24.7529,25.5221,26.0739,24.8497,24.8829,24.5765,24.2458,24.3029,26.2457,25.8076,24.0516,24.0579,24.5623,23.6694,21.7618,24.8716,24.7626,24.5097,24.8649,24.9272,24.9683,24.5097,22.6007,22.8010,24.1902,24.0822,26.0661,23.8009,24.1517,23.8919,25.7906,25.8701,26.4150,26.5939,25.9226,24.7417,25.4412,23.4233,24.4671,24.2108,24.6500,24.6777,25.8655,0.0000,25.3704,24.0284,25.4180,25.5584,24.7000,24.6690,26.3428,25.1864,24.9416,24.1484,22.4585,24.9612,22.4919,24.5288,24.3026,25.5305,28.0035,28.0897,26.9405,25.0195,23.8717,25.8112,25.7530,25.8745,23.1131,26.1141,22.9955,23.4508,23.4445,26.7205,27.8062,23.1736,26.1965,26.3943,26.4024,26.2948,25.9190,26.3899,26.3507,26.4916,26.4044,26.3771,25.9784,24.9344,24.4579,24.6781,0.0000,24.4961,24.8900,24.4961,24.2649,24.3172,24.7137,25.0456,24.8051,27.0110,24.7724,24.6890,24.9019,24.7346,24.1847,24.5635,24.8987,24.4315,24.1848,23.4352
20.0000,25.2645,24.7296,24.7875,24.0545,23.3780,23.1648,23.0084,25.3388,24.9361,26.3326,25.4682,26.1814,25.1339,24.2492,24.0625,23.8232,24.9783,25.0678,24.8768,24.4452,23.6692,22.8961,23.2478,23.9353,23.1492,23.4771,23.5509,24.3916,26.9617,24.6930,24.8153,24.9085,27.0416,25.0565,24.9774,25.8405,24.8565,24.2719,24.8095,25.3380,26.8020,23.9433,25.5337,26.9340,27.5096,24.4319,26.1738,26.0679,23.6016,26.0451,25.4184,25.3562,27.0238,25.8319,26.3613,25.5417,25.0141,25.8612,24.0473,24.9506,25.8772,25.9042,25.8039,25.8366,26.3179,25.8680,25.9134,26.4131,26.0113,26.0934,27.2273,26.1332,25.2874,25.8819,24.6714,24.3832,24.8693,27.0107,26.3115,24.1802,24.5022,29.6507,24.8643,24.8933,24.9838,25.0032,25.0441,25.0080,24.8135,25.4145,24.9825,24.7933,24.7787,24.5684,24.4967,24.1460,24.4300,24.3399,0.0000,25.4855,25.7854,24.8884,24.0639,24.8169,24.8989,24.9366,25.5308,25.8059,25.8276,24.2561,25.1113,27.1026,26.2075,25.3171,22.9422,22.3876,25.4122,24.5029,24.7905,25.5559,26.0415,24.8928,24.9261,24.6231,24.2698,24.3378,26.3088,25.7876,24.0721,24.0783,24.6024,23.6906,21.7923,24.8884,24.8058,24.5386,24.9123,24.9739,25.0175,24.5404,22.6340,22.8337,24.2185,24.1104,26.0342,23.8300,24.1724,23.9133,25.7701,25.8494,26.4765,26.6572,25.9715,24.7855,25.5066,23.4371,24.5063,24.2420,24.6874,24.7125,25.8453,0.0000,25.3616,24.0577,25.4393,25.5754,24.7347,24.7007,26.4106,25.2438,24.9899,24.1989,22.5367,24.9517,22.5686,24.8032,24.3404,25.6073,28.1276,28.2079,27.0428,25.0414,23.8872,25.8211,25.7627,25.8641,23.2660,26.0992,23.0247,23.4832,23.4795,26.8346,27.9284,23.2060,26.1748,26.3581,26.3665,26.2567,25.8856,26.3538,26.3182,26.4562,26.3684,26.3438,25.9110,24.9825,24.4970,24.7129,0.0000,24.5052,24.9383,24.5051,24.2931,24.3458,24.7544,25.0825,24.8030,27.1121,24.8150,24.6798,24.8925,24.7143,24.1897,24.6036,24.6618,24.4593,24.1898,23.4654
21.0000,25.2651,24.7023,24.7610,24.0286,23.3626,23.1422,22.9856,25.3218,24.9176,26.3063,25.4416,26.1401,25.1134,24.2273,24.0046,23.7898,24.8781,24.9881,24.7580,24.4253,23.6411,22.8722,23.2227,23.9037,23.1284,23.4535,23.5266,24.3738,26.9500,24.6649,24.7895,24.8816,27.0413,25.0546,24.9738,25.8144,24.8385,24.2563,24.7873,25.3402,26.8381,23.9328,25.5081,26.9732,27.5334,24.3493,26.0646,25.9634,23.5528,25.9464,25.3190,25.2677,26.9676,25.7142,26.2679,25.4528,24.9508,25.7547,23.9716,24.6711,25.7731,25.8007,25.7002,25.7322,26.3179,25.7710,25.8183,26.2957,25.8938,25.9661,27.1268,26.0188,25.0887,25.7778,24.5979,24.3513,24.8144,26.9991,26.2882,24.1670,24.4758,29.6507,24.8464,24.8755,24.9666,24.9871,25.0250,24.9898,24.7968,25.4010,24.9538,24.7697,24.7511,24.5345,24.4635,24.1396,24.4300,24.3246,0.0000,25.4594,25.7597,24.8682,24.0317,24.8156,24.7941,24.8491,25.4357,25.7056,25.7241,24.2597,25.0846,26.9995,26.1837,25.2915,22.9250,22.3648,25.4068,24.5028,24.7651,25.4658,25.9327,24.8717,24.9067,24.5939,24.1905,24.3089,26.2801,25.6892,23.9963,24.0025,24.5628,23.6403,21.7727,24.8831,24.7804,24.4944,24.8940,24.9547,25.0004,24.4545,22.6105,22.8109,24.1781,24.0701,25.9255,23.8045,24.1200,23.8625,25.6723,25.7524,26.4720,26.6534,25.9627,24.7592,25.4760,23.3917,24.4436,24.1827,24.6576,24.6859,25.7466,0.0000,25.2141,24.0320,25.3396,25.4744,24.7088,24.6749,26.3841,25.2137,24.9613,24.0939,22.4459,24.8289,22.4773,24.7159,24.3209,25.6127,28.1529,28.2302,27.0414,25.0340,23.8592,25.7159,25.6591,25.7615,23.1807,26.0367,23.0025,23.4600,23.4557,26.8555,27.9541,23.1866,26.0694,26.2476,26.2557,26.1471,25.7750,26.2433,26.2023,26.3383,26.2576,26.2333,25.8105,24.9538,24.4638,24.6863,0.0000,24.3655,24.9199,24.3654,24.2518,24.3045,24.7248,25.0136,24.6772,27.1073,24.7893,24.5597,24.7867,24.5862,24.0272,24.5815,24.3920,24.3929,24.0273,23.4469
22.0000,25.2887,24.6919,24.7512,24.0086,23.3481,23.1214,22.9602,25.3330,24.9113,26.3237,25.4476,26.1411,25.1000,24.2138,23.9271,23.7302,24.8238,24.9348,24.6898,24.4159,23.6093,22.8334,23.1863,23.8696,23.1112,23.4393,23.5141,24.3625,27.0071,24.6538,24.7820,24.8746,27.1111,25.0780,24.9915,25.8230,24.8312,24.2501,24.7774,25.3655,26.8959,23.9376,25.5156,27.0338,27.6185,24.2979,26.0424,25.9443,23.4653,25.9237,25.3036,25.2280,26.9568,25.6686,26.2334,25.4152,24.9100,25.7366,23.9168,24.5526,25.7448,25.7742,25.6793,25.7117,26.3179,25.7348,25.7820,26.2832,25.8619,25.9304,27.0954,25.9869,25.0021,25.7496,24.5350,24.3386,24.7824,27.0580,26.3133,24.1597,24.4924,29.6507,24.8392,24.8698,24.9606,24.9815,25.0194,24.9844,24.7912,25.4102,24.9427,24.7592,24.7389,24.5188,24.4488,24.1416,24.4300,24.3097,0.0000,25.4645,25.7693,24.8588,23.9975,24.8352,24.7299,24.7971,25.3939,25.6719,25.6956,24.2630,25.0750,26.9673,26.2055,25.2824,22.8957,22.3296,25.3775,24.5147,24.7574,25.4288,25.9069,24.8623,24.8966,24.5833,24.1373,24.2896,26.2948,25.6516,23.9412,23.9474,24.5445,23.5736,21.7565,24.8865,24.7748,24.4627,24.8869,24.9476,24.9954,24.4037,22.5908,22.7906,24.1433,24.0355,25.8991,23.7850,24.0672,23.7952,25.6355,25.7161,26.4950,26.6788,25.9791,24.7509,25.4710,23.3019,24.3743,24.1084,24.6426,24.6778,25.7090,0.0000,25.1512,24.0123,25.3240,25.4570,24.7001,24.6639,26.4055,25.2057,24.9503,24.1002,22.4595,24.7620,22.4905,24.8097,24.3085,25.6463,28.2317,28.3060,27.1111,25.0389,23.8088,25.6968,25.6396,25.7352,23.2172,26.0135,22.9770,23.4399,23.4413,26.9140,28.0300,23.1713,26.0385,26.2240,26.2320,26.1220,25.7466,26.2197,26.1841,26.3258,26.2340,26.2085,25.8075,24.9427,24.4491,24.6782,0.0000,24.3057,24.9135,24.3057,24.2168,24.2688,24.7118,24.9674,24.6111,27.1747,24.7818,24.4888,24.7214,24.5085,23.9669,24.5703,24.2770,24.3248,23.9670,23.4327
23.0000,25.3385,24.7295,24.7905,24.0341,23.3557,23.1484,22.9848,25.3587,24.9496,26.3601,25.4753,26.1563,25.1429,24.2413,23.9434,23.7425,24.8397,24.9553,24.6736,24.4609,23.6362,22.8635,23.2155,23.8947,23.1379,23.4672,23.5418,24.3899,27.0831,24.6906,24.8198,24.9163,27.1916,25.1248,25.0363,25.8527,24.8691,24.2773,24.8105,25.4165,26.9710,23.9359,25.5444,27.1111,27.7044,24.2949,26.0132,25.9110,23.4790,25.9190,25.3032,25.2349,26.9489,25.6478,26.2311,25.4246,24.9364,25.7338,23.9086,24.4917,25.7231,25.7502,25.6732,25.7056,26.3179,25.7200,25.7674,26.2548,25.8474,25.9227,27.0834,25.9824,24.9559,25.7279,24.5203,24.3717,24.8082,27.1363,26.3612,24.1806,24.5215,29.6507,24.8773,24.9079,24.9997,25.0211,25.0585,25.0235,24.8299,25.4304,24.9753,24.7912,24.7701,24.5479,24.4793,24.1294,24.4300,24.3357,0.0000,25.4936,25.8009,24.8932,24.0235,24.8816,24.7158,24.7922,25.3826,25.6542,25.6745,24.2613,25.1095,26.9551,26.2499,25.3193,22.9224,22.3606,25.3998,24.5609,24.7916,25.4371,25.8807,24.8972,24.9325,24.6190,24.1317,24.3214,26.3278,25.6372,23.9328,23.9390,24.5748,23.5877,21.7816,24.8954,24.8134,24.5040,24.9247,24.9844,25.0335,24.4027,22.6190,22.8180,24.1651,24.0573,25.8733,23.8103,24.0818,23.8094,25.6199,25.7013,26.5304,26.7145,26.0072,24.7884,25.5016,23.3142,24.3933,24.1258,24.6729,24.7110,25.6952,0.0000,25.1317,24.0378,25.3233,25.4551,24.7340,24.6985,26.4495,25.2370,24.9830,24.1062,22.4728,24.7453,22.5034,24.8986,24.3366,25.7004,28.3200,28.3896,27.1915,25.0509,23.8190,25.6926,25.6352,25.7230,23.2518,26.0046,23.0022,23.4667,23.4691,26.9851,28.1156,23.1965,26.0158,26.1952,26.2036,26.0982,25.7159,26.1909,26.1575,26.2973,26.2055,26.1809,25.7494,24.9753,24.4796,24.7114,0.0000,24.3046,24.9519,24.3045,24.2385,24.2908,24.7429,24.9924,24.5992,27.2567,24.8196,24.4721,24.7067,24.4887,23.9610,24.6013,24.2146,24.3427,23.9611,23.4576
24.0000,25.3434,24.7828,24.8461,24.0705,23.3655,23.1822,23.0213,25.3748,24.9943,26.3892,25.5130,26.1705,25.1677,24.2801,24.0021,23.7824,24.9102,25.0215,24.7508,24.5255,23.6756,22.8970,23.2515,23.9376,23.1700,23.4990,23.5734,24.4260,27.1505,24.7430,24.8674,24.9680,27.2588,25.1362,25.0481,25.8871,24.9132,24.3005,24.8543,25.4196,26.9381,23.9520,25.5800,27.0750,27.7773,24.3786,26.2216,26.1243,23.5340,26.0537,25.4435,25.3196,26.9978,25.7697,26.3326,25.5107,24.9992,25.8890,23.9915,24.6015,25.9067,25.9396,25.8318,25.8670,26.3179,25.8522,25.8920,26.4478,26.0238,26.0901,27.2007,26.1489,25.0667,25.9115,24.6041,24.4234,24.8679,27.2061,26.4046,24.2025,24.5360,29.6507,24.9214,24.9526,25.0450,25.0671,25.1047,25.0693,24.8751,25.4453,25.0259,24.8351,24.8151,24.5960,24.5285,24.1397,24.4300,24.3759,0.0000,25.5318,25.8373,24.9366,24.0682,24.8984,24.7958,24.8773,25.5051,25.8116,25.8555,24.2590,25.1608,27.0769,26.2914,25.3724,22.9601,22.3883,25.4049,24.5878,24.8333,25.5237,26.0740,24.9422,24.9772,24.6708,24.2150,24.3592,26.3546,25.7770,24.0158,24.0220,24.6300,23.6445,21.8118,24.9024,24.8614,24.5396,24.9693,25.0307,25.0807,24.4866,22.6509,22.8508,24.2163,24.1082,26.0649,23.8461,24.1409,23.8668,25.7608,25.8338,26.5500,26.7340,26.0246,24.8372,25.5607,23.3663,24.4617,24.1888,24.7185,24.7519,25.8327,0.0000,25.2027,24.0740,25.4647,25.5991,24.7741,24.7338,26.4844,25.2933,25.0336,24.2355,22.5970,24.8217,22.6275,25.0516,24.3746,25.7099,28.3449,28.4189,27.2585,25.0603,23.8528,25.8499,25.7893,25.8932,23.3881,26.0884,23.0383,23.5010,23.5010,26.9895,28.1369,23.2323,26.2160,26.4070,26.4146,26.2998,25.9070,26.4026,26.3500,26.4906,26.4167,26.3900,26.0091,25.0259,24.5288,24.7523,0.0000,24.3748,24.9966,24.3748,24.2904,24.3430,24.7898,25.0571,24.6728,27.3262,24.8671,24.5487,24.7860,24.5635,24.0300,24.6433,24.3255,24.4044,24.0301,23.4866
25.0000,25.2003,24.7056,24.7679,24.0042,23.3288,23.1054,22.9487,25.3255,24.9241,26.3237,25.4501,26.0898,25.0711,24.2140,23.9011,23.7233,24.7501,24.8854,24.6259,24.4532,23.5987,22.8254,23.1771,23.8609,23.0929,23.4148,23.4883,24.3603,27.1026,24.6660,24.7945,24.8929,27.2085,25.0108,24.9253,25.8218,24.8435,24.2264,24.7855,25.2716,26.6892,23.9315,25.5199,26.8170,27.7225,24.2637,26.0810,25.9791,23.4495,25.8982,25.2744,25.1845,26.9403,25.6600,26.1985,25.3718,24.8765,25.7165,23.8846,24.4890,25.7739,25.8062,25.6687,25.7011,26.3179,25.7389,25.7841,26.3164,25.9023,25.9774,27.0878,26.0222,24.9512,25.7786,24.5029,24.3444,24.7585,27.1598,26.3452,24.1467,24.4946,29.6507,24.8516,24.8821,24.9743,24.9958,25.0344,24.9991,24.8045,25.4020,24.9485,24.7666,24.7437,24.5209,24.4521,24.1313,24.4300,24.3059,0.0000,25.4674,25.7732,24.8652,23.9892,24.7794,24.6784,24.7688,25.3895,25.6876,25.7231,24.2675,25.0820,26.9612,26.2310,25.2887,22.8858,22.3204,25.2961,24.4809,24.7643,25.3827,25.9401,24.8729,24.9081,24.5915,24.1040,24.2980,26.2866,25.6581,23.9090,23.9152,24.5398,23.5598,21.7393,24.8831,24.7902,24.4889,24.8986,24.9611,25.0110,24.3695,22.5764,22.7754,24.1372,24.0294,25.9303,23.7807,24.0546,23.7813,25.6428,25.7201,26.4602,26.6437,25.9569,24.7633,25.4755,23.2906,24.3434,24.0811,24.6459,24.6832,25.7149,0.0000,25.0758,24.0080,25.2957,25.4322,24.7040,24.6604,26.4199,25.2125,24.9562,24.0629,22.4310,24.6958,22.4616,24.8169,24.3081,25.5775,28.1692,28.2513,27.2077,25.0342,23.8036,25.6808,25.6234,25.7447,23.2016,26.0152,22.9650,23.4214,23.4168,26.8387,27.9639,23.1503,26.0814,26.2667,26.2747,26.1606,25.7755,26.2623,26.2161,26.3589,26.2766,26.2500,25.8791,24.9485,24.4524,24.6836,0.0000,24.1751,24.9264,24.1750,24.2109,24.2633,24.7160,24.9262,24.5235,27.2772,24.7943,24.4276,24.6680,24.4404,23.7966,24.5754,24.2241,24.2897,23.7966,23.4160
26.0000,25.1626,24.6686,24.7303,23.9719,23.3070,23.0806,22.9255,25.2526,24.8965,26.2165,25.3864,25.9793,25.0254,24.1793,23.8492,23.6868,24.6949,24.8343,24.5369,24.4292,23.5693,22.8098,23.1573,23.8260,23.0690,23.3885,23.4605,24.3260,26.9969,24.6289,24.7631,24.8706,27.0953,24.9707,24.8888,25.7433,24.8146,24.2031,24.7502,25.2335,26.6436,23.9139,25.4575,26.7707,27.6038,24.1596,25.9340,25.8395,23.3996,25.7322,25.0863,25.0654,26.8748,25.5523,26.0803,25.2493,24.8311,25.5331,23.7910,24.3841,25.6311,25.6642,25.4940,25.5240,26.2895,25.6218,25.6723,26.1664,25.7452,25.8096,26.9720,25.8702,24.8597,25.6358,24.4167,24.3046,24.7151,27.0538,26.2520,24.1262,24.4509,29.6507,24.8227,24.8494,24.9519,24.9774,25.0043,24.9710,24.7799,25.3496,24.9028,24.7299,24.7032,24.4773,24.4098,24.1307,24.4300,24.2740,0.0000,25.4029,25.6976,24.8270,23.9535,24.7389,24.5854,24.6818,25.2797,25.5580,25.5806,24.2726,25.0360,26.8421,26.1414,25.2411,22.8698,22.3039,25.2412,24.4397,24.7298,25.2600,25.7938,24.8377,24.8705,24.5532,24.0049,24.2572,26.1789,25.5379,23.8154,23.8216,24.4990,23.5069,21.7168,24.8585,24.7597,24.4352,24.8674,24.9281,24.9813,24.2608,22.5537,22.7515,24.0905,23.9829,25.7841,23.7488,23.9985,23.7279,25.5218,25.6031,26.3988,26.5794,25.8999,24.7305,25.4170,23.2552,24.2748,24.0233,24.6050,24.6471,25.5958,0.0000,24.9866,23.9757,25.1082,25.2496,24.6682,24.6235,26.3180,25.1598,24.9104,23.8383,22.1889,24.6063,22.2209,24.2980,24.2734,25.5331,28.0730,28.1517,27.0940,25.0014,23.7731,25.5003,25.4452,25.5862,22.8565,25.9302,22.9426,23.3968,23.3906,26.7816,27.8737,23.1280,25.9323,26.1142,26.1219,26.0081,25.6310,26.1099,26.0676,26.2087,26.1239,26.0951,25.7458,24.9028,24.4101,24.6475,0.0000,24.1096,24.8988,24.1096,24.1631,24.2152,24.6737,24.8785,24.4425,27.1647,24.7628,24.3429,24.5745,24.3537,23.7311,24.5403,24.1235,24.2381,23.7311,23.3931
27.0000,25.2171,24.6380,24.6983,23.9546,23.3062,23.0757,22.9185,25.2035,24.8664,26.1453,25.3496,25.9128,24.9929,24.1793,23.8362,23.6748,24.6767,24.8160,24.5398,24.3881,23.5608,22.8141,23.1573,23.8125,23.0661,23.3851,23.4565,24.3227,26.9316,24.5991,24.7309,24.8347,27.0223,25.0044,24.9233,25.6989,24.7845,24.2093,24.7227,25.2929,26.8026,23.9063,25.4198,26.9387,27.5208,24.1569,25.9890,25.8935,23.3890,25.7939,25.1548,25.0556,26.9131,25.5984,26.0906,25.2356,24.8104,25.6076,23.7916,24.4618,25.6974,25.7304,25.5650,25.5965,26.3179,25.6658,25.7158,26.2302,25.8125,25.8783,27.0143,25.9363,24.9178,25.7022,24.4231,24.2780,24.6932,26.9886,26.1954,24.1277,24.4265,29.6507,24.7925,24.8184,24.9210,24.9460,24.9746,24.9409,24.7488,25.3151,24.8725,24.7026,24.6759,24.4529,24.3846,24.1345,24.4300,24.2735,0.0000,25.3651,25.6539,24.7985,23.9383,24.7645,24.5925,24.6902,25.3131,25.6130,25.6481,24.2728,25.0030,26.8859,26.0875,25.2063,22.8635,22.3104,25.1996,24.4482,24.7022,25.2464,25.8570,24.8069,24.8370,24.5245,24.0040,24.2573,26.1084,25.5827,23.8162,23.8224,24.4747,23.4966,21.7140,24.8428,24.7259,24.4351,24.8376,24.8968,24.9493,24.2574,22.5474,22.7461,24.0745,23.9670,25.8468,23.7315,23.9883,23.7175,25.5684,25.6468,26.3484,26.5252,25.8570,24.6988,25.3791,23.2421,24.2544,24.0064,24.5792,24.6202,25.6395,0.0000,24.9794,23.9583,25.1769,25.3181,24.6411,24.5978,26.2527,25.1257,24.8800,23.8918,22.2092,24.6079,22.2428,24.1759,24.2713,25.5481,28.0074,28.0668,27.0210,24.9804,23.7629,25.5736,25.5161,25.6550,22.8158,25.9687,22.9361,23.3919,23.3873,26.7506,27.8144,23.1255,25.9961,26.1681,26.1758,26.0696,25.6945,26.1639,26.1305,26.2727,26.1778,26.1451,25.8146,24.8725,24.3849,24.6206,0.0000,24.0985,24.8687,24.0984,24.1468,24.1980,24.6465,24.8590,24.4399,27.0926,24.7306,24.3449,24.5815,24.3566,23.7206,24.5230,24.1874,24.2230,23.7207,23.3915
28.0000,25.2563,24.6636,24.7236,23.9784,23.3207,23.1038,22.9454,25.2134,24.8920,26.1448,25.3589,25.9135,25.0382,24.1793,23.8681,23.6936,24.7125,24.8502,24.5787,24.4065,23.5853,22.8333,23.1759,23.8384,23.0946,23.4244,23.4963,24.3265,26.9122,24.6250,24.7566,24.8599,27.0010,25.0386,24.9574,25.7078,24.8099,24.2297,24.7461,25.3333,26.8680,23.9115,25.4267,27.0063,27.4972,24.2059,26.0456,25.9435,23.4182,25.8670,25.2333,25.1241,26.9466,25.6759,26.1575,25.3083,24.8435,25.6835,23.8380,24.6797,25.7470,25.7791,25.6349,25.6665,26.3179,25.7182,25.7699,26.2841,25.8758,25.9520,27.0677,26.0008,25.0861,25.7518,24.4659,24.3046,24.7239,26.9676,26.1934,24.1411,24.4530,29.6507,24.8180,24.8447,24.9472,24.9724,25.0000,24.9663,24.7750,25.3228,24.9000,24.7259,24.7002,24.4794,24.4112,24.1405,24.4300,24.2768,0.0000,25.3759,25.6620,24.8229,23.9651,24.7991,24.6308,24.7284,25.3605,25.6627,25.6962,24.2694,25.0313,26.9411,26.0877,25.2378,22.8893,22.3445,25.2284,24.4857,24.7285,25.3220,25.9110,24.8305,24.8611,24.5515,24.0518,24.2565,26.1081,25.6340,23.8625,23.8687,24.5028,23.5261,21.7409,24.8463,24.7501,24.4331,24.8632,24.9202,24.9723,24.3054,22.5750,22.7738,24.1021,23.9945,25.9010,23.7551,24.0185,23.7473,25.6188,25.6989,26.3589,26.5341,25.8662,24.7246,25.4092,23.2747,24.2895,24.0404,24.6046,24.6466,25.6921,0.0000,25.0242,23.9821,25.2549,25.3943,24.6684,24.6281,26.2500,25.1539,24.9075,23.9843,22.2980,24.6484,22.3316,24.3048,24.2733,25.5801,28.0491,28.1020,26.9997,24.9851,23.7785,25.6470,25.5888,25.7148,22.9195,26.0054,22.9637,23.4257,23.4264,26.7817,27.8557,23.1571,26.0334,26.2295,26.2374,26.1259,25.7506,26.2252,26.1840,26.3266,26.2394,26.2106,25.8780,24.9000,24.4115,24.6470,0.0000,24.1361,24.8944,24.1361,24.1745,24.2258,24.6722,24.8926,24.4806,27.0718,24.7563,24.3812,24.6198,24.3946,23.7582,24.5377,24.4055,24.2558,23.7582,23.4155
29.0000,25.3809,24.7926,24.8545,24.0780,23.3677,23.2000,23.0408,25.3205,25.0194,26.2747,25.4744,26.0391,25.1871,24.2790,23.9719,23.7669,24.8062,24.9547,24.6803,24.5267,23.6880,22.9323,23.2774,23.9433,23.1889,23.5202,23.5921,24.4239,27.0444,24.7532,24.8845,24.9948,27.1326,25.1554,25.0722,25.8282,24.9355,24.3235,24.8624,25.4604,27.0476,23.9828,25.5398,27.1907,27.6297,24.3595,26.1580,26.0509,23.5198,25.9697,25.3398,25.2991,26.9906,25.8108,26.3068,25.4880,24.9580,25.8008,23.9806,24.9990,25.8559,25.8879,25.7479,25.7806,26.3179,25.8231,25.8748,26.3997,25.9997,26.0861,27.1669,26.1185,25.3363,25.8607,24.5996,24.4260,24.8395,27.1004,26.3191,24.2251,24.5516,29.6507,24.9438,24.9691,25.0781,25.1064,25.1273,25.0938,24.9040,25.4122,25.0227,24.8400,24.8161,24.5936,24.5279,24.1980,24.4771,24.3729,0.0000,25.4932,25.7821,24.9430,24.0733,24.9142,24.7346,24.8342,25.4659,25.7697,25.8045,24.2585,25.1572,27.0441,26.2121,25.3668,22.9845,22.4356,25.3853,24.5980,24.8484,25.5027,26.0287,24.9494,24.9828,24.6785,24.1998,24.3558,26.2373,25.7396,24.0049,24.0111,24.6233,23.6294,21.8296,24.9130,24.8798,24.5321,24.9883,25.0404,25.0936,24.4625,22.6704,22.8693,24.2106,24.1024,26.0187,23.8537,24.1248,23.8515,25.7251,25.8039,26.4408,26.6145,25.9518,24.8525,25.5531,23.3739,24.4029,24.1484,24.7201,24.7645,25.7967,0.0000,25.1253,24.0816,25.3618,25.5037,24.7876,24.7497,26.3772,25.2865,25.0306,24.1124,22.4369,24.7492,22.4696,24.6020,24.3717,25.6930,28.1222,28.1447,27.1315,25.0584,23.8395,25.7622,25.7018,25.8255,23.1204,26.0768,23.0591,23.5222,23.5222,26.8855,27.9347,23.2512,26.1483,26.3430,26.3509,26.2413,25.8836,26.3387,26.3010,26.4424,26.3529,26.3229,25.9933,25.0227,24.5282,24.7649,0.0000,24.2304,25.0217,24.2304,24.2837,24.3358,24.7893,25.0038,24.5790,27.2047,24.8842,24.4798,24.7235,24.4981,23.8514,24.6479,24.7163,24.3599,23.8515,23.5067
30.0000,25.3549,24.7039,24.7632,24.0414,23.3522,23.1627,23.0041,25.3113,24.9736,26.2502,25.4457,26.0115,25.1336,24.2447,23.9511,23.7576,24.7836,24.9159,24.7123,24.4741,23.6484,22.8891,23.2349,23.9040,23.1533,23.4823,23.5545,24.3926,27.0198,24.6650,24.8222,24.9305,27.1092,25.1292,25.0456,25.8006,24.8906,24.2955,24.8226,25.4345,27.0226,23.9759,25.5133,27.1657,27.6076,24.3967,26.2934,26.1771,23.5038,26.1113,25.5129,25.3462,27.0362,25.9225,26.3696,25.5376,24.8938,25.9667,24.0121,25.3164,25.9809,26.0110,25.9064,25.9420,26.3179,25.9085,25.9595,26.5295,26.1488,26.2530,27.2486,26.2927,25.5551,25.9857,24.6275,24.3199,24.7628,27.0762,26.2900,24.2017,24.5360,29.6507,24.8988,24.9242,25.0315,25.0593,25.0785,25.0467,24.8582,25.4037,24.9805,24.8011,24.7723,24.5439,24.4583,24.1941,24.4771,24.3426,0.0000,25.4624,25.7532,24.9020,24.0285,24.8873,24.7653,24.8583,25.5330,25.8720,25.9273,24.2621,25.1158,27.1307,26.1832,25.3307,22.9496,22.3957,25.3410,24.5695,24.8051,25.5532,26.1694,24.9102,24.9465,24.5831,24.2345,24.3210,26.2124,25.8263,24.0364,24.0426,24.5281,23.6136,21.7961,24.9088,24.8133,24.4958,24.9437,25.0004,25.0543,24.5025,22.6300,22.8308,24.1814,24.0734,26.1607,23.8174,24.1092,23.8356,25.8142,25.8889,26.4417,26.6182,25.9481,24.7840,25.5078,23.3557,24.3851,24.1291,24.6760,24.7218,25.8817,0.0000,25.1697,24.0450,25.5344,25.6702,24.7446,24.7049,26.3478,25.2447,24.9883,24.2937,22.6335,24.7840,22.6650,24.9653,24.3393,25.6674,28.0984,28.1592,27.1079,25.0528,23.8320,25.9262,25.8635,25.9683,23.3849,26.1344,23.0225,23.4846,23.4844,26.8627,27.9119,23.2142,26.2737,26.4812,26.4896,26.3843,26.0506,26.4768,26.4368,26.5724,26.4915,26.4609,26.1176,24.9805,24.4586,24.7222,0.0000,24.2258,24.9759,24.2258,24.2551,24.3064,24.7432,24.9507,24.6003,27.1809,24.8219,24.5094,24.7541,24.5335,23.8475,24.6102,25.0226,24.3321,23.8475,23.4747
31.0000,25.3776,24.7596,24.8186,24.1117,23.4160,23.2085,23.0502,25.3176,25.0446,26.2817,25.4792,26.0419,25.2083,24.2746,24.0456,23.8385,24.8809,25.0042,24.8679,24.5261,23.7150,22.9596,23.3054,23.9755,23.1930,23.5234,23.5948,24.4155,27.0818,24.7207,24.8873,24.9928,27.1755,25.1527,25.0683,25.8341,24.9609,24.3084,24.8912,25.4571,27.0445,23.9355,25.5403,27.1876,27.6811,24.5566,26.6021,26.4774,23.5990,26.3951,25.8104,25.5206,27.2816,26.1893,26.5861,25.7160,24.9656,26.2703,24.1697,25.7350,26.2808,26.3101,26.2061,26.2449,26.5480,26.1570,26.2093,26.8443,26.4695,26.5884,27.5044,26.6231,25.8852,26.2856,24.7889,24.3691,24.8320,27.1397,26.3336,24.2000,24.6332,29.6507,24.9691,24.9957,25.1030,25.1310,25.1488,25.1174,24.9294,25.3888,25.0545,24.8701,24.8412,24.6156,24.5221,24.1286,24.4009,24.3642,0.0000,25.5005,25.7889,24.9714,24.0982,24.9152,24.9266,25.0177,25.7548,26.1440,26.2267,24.2994,25.1902,27.3890,26.2245,25.4081,22.9969,22.4561,25.4551,24.6065,24.8793,25.7323,26.4842,24.9791,25.0161,24.6362,24.3937,24.3486,26.2436,26.0763,24.1942,24.2005,24.5825,23.7126,21.8335,24.8607,24.8775,24.5187,25.0142,25.0699,25.1245,24.6623,22.6735,22.8755,24.2678,24.1594,26.4762,23.8870,24.2127,23.9355,26.0677,26.1368,26.4330,26.6065,25.9365,24.8468,25.5922,23.4432,24.4916,24.2285,24.7480,24.7967,26.1300,0.0000,25.3199,24.1153,25.8322,25.9667,24.8196,24.7798,26.3847,25.3245,25.0623,24.5926,22.9190,24.9383,22.9506,25.3532,24.3652,25.6995,28.1742,28.2174,27.1741,25.0143,23.9066,26.2288,26.1630,26.2632,23.7066,26.3779,23.0690,23.5288,23.5256,26.9225,27.9860,23.2555,26.5812,26.7937,26.8023,26.7014,26.3867,26.7891,26.7527,26.8877,26.8042,26.7731,26.4249,25.0545,24.5224,24.7971,0.0000,24.3450,25.0469,24.3450,24.3429,24.3942,24.8137,25.0292,24.7435,27.2455,24.8870,24.6621,24.9153,24.6892,23.9696,24.6645,25.4350,24.4242,23.9697,23.5020
32.0000,25.6340,25.0596,25.1193,24.4013,23.6968,23.4650,23.3089,25.5612,25.3488,26.5453,25.7498,26.3083,25.5133,24.5278,24.3468,24.1336,25.1976,25.3193,25.1916,24.8188,23.9947,23.2379,23.5850,24.2625,23.4431,23.7707,23.8417,24.6647,27.3464,25.0201,25.1899,25.3015,27.4459,25.4057,25.3211,26.1032,25.2628,24.5485,25.1885,25.7146,27.3231,24.1310,25.8082,27.4681,27.9650,24.8851,26.9689,26.8368,23.8921,26.7602,26.1746,25.8687,27.5752,26.5941,26.9447,26.0675,25.2741,26.6478,24.4902,26.4903,26.6458,26.6755,26.5802,26.6208,26.7767,26.5079,26.5618,27.2183,26.8510,26.9822,27.8637,27.0216,26.4933,26.6505,25.1140,24.6633,25.1404,27.4031,26.6018,24.4279,24.9200,29.6507,25.2711,25.2965,25.4105,25.4409,25.4541,25.4227,25.2335,25.6202,25.3540,25.1667,25.1373,24.9124,24.8179,24.3088,24.5729,24.6152,0.0000,25.7739,26.0590,25.2701,24.3868,25.1689,25.2489,25.3396,26.0974,26.5012,26.5909,24.5924,25.4911,27.7524,26.4929,25.7114,23.2593,22.7269,25.7746,24.8630,25.1797,26.0835,26.8474,25.2761,25.3096,24.9344,24.7186,24.6001,26.5077,26.4282,24.5150,24.5213,24.8814,24.0065,22.0690,25.0600,25.1804,24.7674,25.3159,25.3690,25.4253,24.9932,22.9236,23.1281,24.5631,24.4534,26.8379,24.1740,24.5124,24.2322,26.4195,26.4874,26.6944,26.8687,26.1837,25.1487,25.8963,23.7362,24.8007,24.5333,25.0447,25.0954,26.4820,0.0000,25.6646,24.4050,26.1970,26.3342,25.1185,25.0784,26.6473,25.6262,25.3619,24.9217,23.2333,25.2659,23.2649,25.7134,24.6162,25.9644,28.5150,28.5551,27.4447,25.2228,24.2014,26.6048,26.5361,26.6366,24.0318,26.6899,23.3282,23.7847,23.7732,27.2075,28.3172,23.5067,26.9528,27.1654,27.1740,27.0692,26.7347,27.1608,27.1245,27.2625,27.1760,27.1460,26.7911,25.3540,24.8182,25.0958,0.0000,24.6568,25.3511,24.6568,24.6395,24.6914,25.1109,25.3404,25.0650,27.5146,25.1896,24.9817,25.2375,25.0110,24.2762,24.9454,26.1732,24.7309,24.2763,23.7454
33.0000,25.4198,24.8861,24.9429,24.4426,23.7796,23.3476,23.2024,25.3404,25.1185,26.2815,25.5283,26.0551,25.2963,24.3305,24.2143,23.9944,25.0282,25.1531,25.0978,24.6378,23.9048,23.1480,23.4939,24.1835,23.3168,23.6412,23.7111,24.4734,27.0534,24.8479,24.9823,25.0926,27.1477,25.2011,25.1203,25.8693,25.0370,24.3839,24.9785,25.4969,27.0342,23.9522,25.5876,27.1728,27.6582,24.7982,27.0088,26.8798,23.7713,26.7383,26.1565,25.7724,27.5643,26.6353,26.8834,25.9699,25.1036,26.6461,24.4058,26.8897,26.6620,26.6910,26.5800,26.6237,26.7767,26.4940,26.5566,27.2493,26.8677,26.9968,27.8399,27.0603,26.7188,26.6667,25.0317,24.5093,24.9712,27.1073,26.3427,24.2612,24.6186,29.6507,25.0451,25.0702,25.1785,25.2081,25.2222,25.1909,25.0051,25.4045,25.1536,24.9603,24.9348,24.7288,24.6446,24.1339,24.4009,24.4254,0.0000,25.5500,25.8252,25.0576,24.2864,24.9782,25.1582,25.2459,26.0553,26.4979,26.6051,24.4083,25.2861,27.7329,26.2391,25.4999,23.1556,22.6356,25.6855,24.6986,24.9451,25.9846,26.8972,25.0638,25.0899,24.7673,24.6332,24.3963,26.2456,26.4093,24.4307,24.4371,24.7221,23.8776,21.9501,24.8679,24.9717,24.5489,25.0920,25.1526,25.2061,24.9065,22.8104,23.0130,24.4185,24.3095,26.8918,24.2172,24.3756,24.1020,26.4052,26.4725,26.4205,26.5871,25.9375,24.9496,25.6969,23.6021,24.6816,24.4056,24.8453,24.8602,26.4621,0.0000,25.5731,24.4486,26.1799,26.3215,24.8839,24.8454,26.3806,25.4270,25.1613,24.8780,23.1860,25.1712,23.2179,25.5692,24.4222,25.7391,28.1642,28.2085,27.1463,25.0239,24.0556,26.6037,26.5327,26.6426,23.9563,26.6869,23.2215,23.6654,23.6439,26.9405,27.9862,23.3763,26.9766,27.2017,27.2111,27.1150,26.8502,27.1970,27.1643,27.2936,27.2128,27.1801,26.8157,25.1536,24.6449,24.8605,0.0000,24.5149,25.1208,24.5148,24.4878,24.5309,24.9148,25.1676,24.9536,27.2139,24.9820,24.8902,25.1468,24.9222,24.1379,24.7401,26.5640,24.5852,24.1381,23.6069
34.0000,25.2865,24.6793,24.7329,24.2847,23.6436,23.2075,23.0592,25.2472,24.9543,26.1408,25.3848,25.9088,25.1228,24.1793,23.9860,23.8205,24.6973,24.7783,24.9712,24.4247,23.7466,22.9905,23.3363,24.0190,23.1836,23.5078,23.5785,24.3096,26.8769,24.6422,24.7979,24.8967,26.9693,25.0723,24.9912,25.7245,24.8719,24.2682,24.8147,25.3623,26.8743,23.9059,25.4495,27.0106,27.4737,24.6517,26.9410,26.8086,23.5991,26.6479,26.0604,25.6224,27.5226,26.6102,26.7632,25.8214,24.7812,26.5553,24.2639,27.1508,26.6005,26.6292,26.4936,26.5355,26.7767,26.4238,26.4955,27.1832,26.8122,26.9464,27.7568,26.9835,26.8374,26.6048,24.8891,24.2961,24.6724,26.9289,26.1875,24.1593,24.5332,29.6507,24.8797,24.8990,25.0175,25.0490,25.0549,25.0251,24.8414,25.3290,24.9870,24.7973,24.7697,24.5624,24.4616,24.1208,24.4009,24.2086,0.0000,25.4025,25.6784,24.8868,24.1151,24.8436,25.0425,25.1241,25.9666,26.4299,26.5442,24.2438,25.1176,27.6516,26.0861,25.3341,23.0086,22.4808,25.5287,24.5521,24.7863,25.8388,26.8324,24.9001,24.9315,24.5580,24.4890,24.2393,26.1040,26.3348,24.2887,24.2950,24.4781,23.7174,21.8247,24.8334,24.7843,24.3790,24.9223,24.9877,25.0412,24.7580,22.6708,22.8737,24.2604,24.1521,26.8262,24.0609,24.2212,23.9404,26.3319,26.4016,26.3272,26.4958,25.8526,24.7601,25.5159,23.4542,24.4203,24.1663,24.6806,24.7033,26.3890,0.0000,25.4332,24.2908,26.0843,26.2281,24.7260,24.6886,26.2299,25.2554,24.9946,24.7668,23.0806,25.0432,23.1124,25.4154,24.2637,25.6055,28.0084,28.0876,26.9681,24.9777,23.8831,26.5146,26.4434,26.5690,23.8325,26.6442,23.0777,23.5254,23.5103,26.7834,27.8230,23.2455,26.9118,27.1353,27.1445,27.0472,26.7832,27.1306,27.0958,27.2272,27.1462,27.1144,26.7596,24.9870,24.4619,24.7036,0.0000,24.2559,24.9566,24.2559,24.3297,24.3715,24.7481,24.8198,24.7867,27.0362,24.7976,24.7673,25.0315,24.8020,23.8851,24.5810,26.8263,24.2993,23.8852,23.4831
35.0000,25.1335,24.6148,24.6674,24.2031,23.5902,23.1388,22.9989,25.1672,24.8595,26.0176,25.2981,25.7953,25.0254,24.1793,23.8194,23.7359,24.3743,24.4401,24.8879,24.3321,23.6664,22.9146,23.2564,23.9372,23.1165,23.4403,23.5091,24.2851,26.7107,24.5790,24.7137,24.8013,26.7967,24.9349,24.8603,25.6255,24.7792,24.2066,24.7305,25.2038,26.6025,23.8801,25.3665,26.7285,27.2895,24.5792,26.9533,26.8248,23.4967,26.6350,26.0563,25.5436,27.4978,26.6078,26.7009,25.7420,24.5416,26.5518,24.1935,27.3491,26.5886,26.6184,26.4905,26.5353,26.7767,26.3947,26.4711,27.1823,26.7952,26.9232,27.7236,26.9718,26.9244,26.5928,24.8198,24.2604,24.4785,26.7593,26.0602,24.1188,24.4414,24.5573,24.7868,24.8066,24.9190,24.9476,24.9593,24.9293,24.7446,25.2558,24.8896,24.7138,24.6864,24.4862,24.3997,24.1118,24.4009,24.1854,0.0000,25.3124,25.5794,24.8012,24.0349,24.7202,24.9770,25.0612,25.9256,26.4069,26.5305,24.2068,25.0143,27.6208,25.9652,25.2182,22.9484,22.4155,25.4320,24.4549,24.6973,25.7584,26.8383,24.8140,24.8464,24.5035,24.4176,24.2309,25.9823,26.3036,24.2184,24.2247,24.3878,23.6281,21.7615,24.8003,24.7050,24.3514,24.8308,24.8994,24.9510,24.6855,22.6095,22.8085,24.1789,24.0709,26.8340,23.9800,24.1395,23.8502,26.3034,26.3722,26.1370,26.2977,25.7180,24.6809,25.3941,23.3557,24.2502,24.0000,24.5984,24.6160,26.3567,0.0000,25.3497,24.2092,26.0803,26.2236,24.6374,24.6034,26.0981,25.1442,24.8968,24.7751,23.0811,24.9592,23.1133,25.3547,24.2485,25.4292,27.6510,27.7632,26.7956,24.9332,23.8055,26.5116,26.4400,26.5619,23.8236,26.6278,23.0167,23.4605,23.4429,26.5261,27.4808,23.1759,26.9114,27.1481,27.1576,27.0566,26.8118,27.1433,27.1013,27.2263,27.1593,27.1257,26.7557,24.8896,24.4000,24.6162,0.0000,23.9945,24.8617,23.9945,24.2480,24.2895,24.6645,24.5341,24.6432,26.8631,24.7134,24.6885,24.9663,24.7214,23.6175,24.5279,27.0167,24.0652,23.6176,23.4240
36.0000,24.9276,24.4378,24.4869,24.0660,23.5204,23.0118,22.8757,24.9099,24.7090,25.6710,25.0481,25.4549,24.8423,24.1793,23.6784,23.6589,24.1898,24.2518,24.7725,24.1621,23.5412,22.8257,23.1573,23.8031,22.9893,23.3055,23.3722,24.2262,26.2833,24.4030,24.5474,24.6268,26.3517,24.7431,24.6742,25.3534,24.6336,24.0739,24.5891,24.9926,26.2837,23.7106,25.1042,26.4001,26.7974,24.4485,26.8954,26.7807,23.3727,26.5819,26.0254,25.3876,27.4482,26.5295,26.5766,25.5783,24.3516,26.5190,24.0683,27.3497,26.5088,26.5412,26.4483,26.4963,26.7767,26.3039,26.3849,27.1183,26.6900,26.7963,27.6368,26.8873,26.8774,26.5130,24.7007,24.0906,24.2983,26.3277,25.7251,23.9991,24.2884,24.3521,24.6409,24.6583,24.7655,24.7919,24.8069,24.7776,24.5931,25.0232,24.7190,24.5705,24.5300,24.3312,24.2396,23.9676,24.2529,24.1251,0.0000,25.0674,25.3081,24.6581,23.8956,24.5423,24.8648,24.9448,25.8256,26.3193,26.4491,24.2230,24.8375,27.5342,25.6431,25.0261,22.8304,22.3129,25.2646,24.3045,24.5438,25.5873,26.7733,24.6685,24.7041,24.3268,24.2901,24.2323,25.6367,26.2109,24.0935,24.0998,24.2134,23.5015,21.6417,24.6139,24.5412,24.3546,24.6867,24.7511,24.8012,24.5556,22.4859,22.6835,24.0403,23.9330,26.7708,23.8442,24.0087,23.7224,26.2123,26.2810,25.8434,25.9932,25.4535,24.5123,25.2102,23.2373,24.1184,23.8648,24.4444,24.4620,26.2633,0.0000,25.2402,24.0721,26.0489,26.1890,24.4824,24.4479,25.7558,24.9666,24.7260,24.7517,23.0721,24.8436,23.1036,25.4332,24.2168,25.2146,27.2907,27.3976,26.3519,24.7337,23.7421,26.4754,26.4017,26.5006,23.8415,26.5708,22.8937,23.3302,23.3082,26.2694,27.1418,23.0470,26.8398,27.0845,27.0939,26.9965,26.7663,27.0795,27.0390,27.1621,27.0956,27.0612,26.6912,24.7190,24.2399,24.4622,0.0000,23.8340,24.7112,23.8340,24.1085,24.1487,24.5057,24.3413,24.5107,26.4213,24.5471,24.5784,24.8545,24.6077,23.4600,24.4386,27.0147,23.9056,23.4601,23.2991
37.0000,25.1486,24.4677,24.5172,24.0877,23.5281,23.0564,22.9128,25.0746,24.7076,25.8074,25.1265,25.5826,24.8615,24.1793,23.7432,23.7146,24.2568,24.3083,24.8950,24.1997,23.5694,22.8187,23.1573,23.8368,23.0398,23.3591,23.4280,24.2496,26.4144,24.4332,24.5695,24.6497,26.4950,24.9564,24.8684,25.4517,24.6336,24.1638,24.6097,25.2201,26.6447,23.8097,25.1824,26.7731,26.9575,24.4985,27.0634,26.9450,23.4281,26.8713,26.3734,25.3455,27.5185,26.6660,26.6866,25.5882,24.3984,26.8650,24.1186,27.5664,26.6664,26.6992,26.7566,26.8173,26.7767,26.4367,26.5123,27.2921,26.8648,26.9831,27.7825,27.0752,27.0486,26.6707,24.7647,24.1286,24.3488,26.4593,25.8385,24.0733,24.4156,24.4036,24.6407,24.6561,24.7640,24.7908,24.8076,24.7771,24.5916,25.1755,24.7554,24.5963,24.5619,24.3751,24.2812,24.0726,24.3597,24.1404,0.0000,25.1439,25.4008,24.6754,23.9325,24.7433,24.9817,25.0477,25.9509,26.4613,26.6039,24.2212,24.8707,27.6848,25.7527,25.0584,22.8631,22.3380,25.2998,24.4816,24.5367,25.6157,26.9380,24.6917,24.7260,24.3594,24.3418,24.2344,25.7718,26.3457,24.1446,24.1508,24.2550,23.5587,21.6893,24.7416,24.5632,24.3610,24.6888,24.7722,24.8205,24.6207,22.5228,22.7247,24.0858,23.9783,26.9350,23.8654,24.0683,23.7801,26.3473,26.4136,26.1173,26.2803,25.6696,24.5364,25.2434,23.2647,24.2542,23.9599,24.4766,24.4791,26.3973,0.0000,25.3693,24.0935,26.3955,26.5248,24.4994,24.4641,25.8769,25.0039,24.7623,25.1605,23.4984,24.9679,23.5281,26.3754,24.2291,25.4728,27.7514,27.8646,26.4949,24.8684,23.7894,26.8070,26.7247,26.7334,24.4241,26.6613,22.9312,23.3762,23.3615,26.6251,27.5879,23.0911,27.0028,27.2511,27.2605,27.1576,26.9350,27.2462,27.2138,27.3365,27.2623,27.2280,26.8520,24.7554,24.2814,24.4793,0.0000,23.9163,24.7098,23.9164,24.1550,24.1948,24.5419,24.3905,24.6201,26.5604,24.5693,24.7069,24.9722,24.7350,23.5415,24.4517,27.2066,23.9671,23.5417,23.3568
38.0000,25.5896,24.9602,25.0161,24.5141,23.8700,23.4389,23.2884,25.5603,25.1741,26.4154,25.6109,26.1722,25.3500,24.3708,24.2414,24.1546,24.8075,24.8474,25.4480,24.6897,23.9917,23.2166,23.5660,24.2744,23.4084,23.7329,23.8025,24.5031,27.1378,24.9228,25.0379,25.1267,27.2564,25.3944,25.2921,25.9794,25.0980,24.4885,25.0656,25.6654,27.1774,24.0705,25.6558,27.3136,27.7827,25.0872,27.6543,27.5284,23.8926,27.5206,27.0285,25.9489,28.0740,27.2486,27.3369,26.2204,24.9261,27.5377,24.6716,28.2091,27.2561,27.2916,27.4113,27.4801,27.2641,27.0084,27.0827,27.9028,27.4737,27.6053,28.3914,27.6940,27.6746,27.2607,25.3061,24.6096,24.8784,27.1907,26.4425,24.3486,24.6906,24.9486,25.1057,25.1253,25.2361,25.2677,25.2821,25.2480,25.0627,25.5803,25.2428,25.0536,25.0238,24.8387,24.7508,24.2592,24.5080,24.4034,0.0000,25.6387,25.9262,25.1433,24.3769,25.1878,25.5266,25.5792,26.5104,27.0395,27.1907,24.5207,25.3612,28.2947,26.3399,25.5539,23.2428,22.7224,25.9259,24.9416,24.9791,26.2539,27.5338,25.1579,25.1976,24.8487,24.9139,24.4264,26.3768,26.9178,24.6978,24.7042,24.7587,24.0257,22.0363,25.0063,25.0295,24.5572,25.1542,25.2407,25.2888,25.2303,22.9054,23.1054,24.5465,24.4370,27.5283,24.2876,24.5454,24.2516,26.9198,26.9849,26.6523,26.8256,26.1426,25.0099,25.8299,23.6809,24.8606,24.5026,24.9354,24.9152,26.9694,0.0000,25.9413,24.5197,27.0509,27.1815,24.9378,24.8986,26.4818,25.5412,25.2510,25.7750,24.0719,25.5239,24.1024,27.0198,24.4552,25.9755,28.5277,28.6425,27.2551,25.1730,24.2088,27.4721,27.3840,27.3558,25.0162,27.2141,23.3082,23.7555,23.7355,27.2665,28.3449,23.4634,27.6282,27.8465,27.8561,27.7514,27.5283,27.8415,27.8241,27.9484,27.8579,27.8213,27.4452,25.2428,24.7511,24.9153,0.0000,24.4562,25.1764,24.4562,24.6189,24.6610,25.0094,24.9280,25.1750,27.3160,25.0377,25.2637,25.5180,25.2918,24.0717,24.8099,27.8379,24.4814,24.0719,23.6972
39.0000,25.7908,25.0335,25.0876,24.6216,23.9795,23.5783,23.4204,25.8263,25.3072,26.7215,25.8315,26.4735,25.4633,24.5611,24.4043,24.3033,25.0585,25.0454,25.6898,24.7810,24.1165,23.3319,23.6853,24.3947,23.5540,23.8815,23.9530,24.6948,27.4892,24.9963,25.1275,25.2143,27.6245,25.5940,25.4883,26.2294,25.2334,24.6651,25.2032,25.8681,27.4078,24.2797,25.8802,27.5466,28.1751,25.2716,27.8279,27.6986,24.0385,27.6894,27.1839,26.1387,28.2719,27.4480,27.5363,26.4111,25.0783,27.7103,24.8465,28.4169,27.4471,27.4816,27.5854,27.6551,27.4564,27.2046,27.2798,28.0891,27.6713,27.8092,28.5885,27.9003,27.8799,27.4517,25.4777,24.6633,25.0137,27.5466,26.7307,24.5319,24.6906,25.1465,25.2415,25.2601,25.3688,25.4016,25.4197,25.3836,25.1965,25.8245,25.3644,25.1888,25.1495,24.9500,24.8418,24.4635,24.7183,24.5925,0.0000,25.8555,26.1704,25.2893,24.4935,25.3825,25.7433,25.7679,26.7041,27.2332,27.3824,24.6585,25.4792,28.4919,26.6195,25.6714,23.3739,22.8396,26.0521,25.1277,25.0857,26.4450,27.7191,25.2941,25.3403,24.9157,25.0938,24.6311,26.6822,27.1133,24.8727,24.8792,24.8412,24.1699,22.1733,25.2318,25.1143,24.7923,25.2929,25.3770,25.4245,25.4198,23.0422,23.2431,24.6781,24.5679,27.7129,24.3937,24.6912,24.3972,27.1139,27.1809,26.9310,27.1139,26.4048,25.0956,25.9690,23.8205,25.0469,24.6757,25.0543,25.0151,27.1666,0.0000,26.1851,24.6268,27.2072,27.3440,25.0383,25.0006,26.7779,25.6732,25.3728,25.8943,24.1532,25.7669,24.1854,26.9349,24.6467,26.1938,28.8284,28.9572,27.6229,25.4037,24.3559,27.6446,27.5551,27.5377,25.0225,27.4111,23.4406,23.8974,23.8839,27.5288,28.6368,23.6097,27.8123,28.0189,28.0285,27.9301,27.7129,28.0140,28.0107,28.1348,28.0303,27.9882,27.6304,25.3644,24.8421,25.0153,0.0000,24.7919,25.3096,24.7920,24.7516,24.7934,25.1282,25.1027,25.4496,27.6831,25.1273,25.5180,25.7359,25.5419,24.4658,24.9671,28.0440,24.6582,24.4659,23.8543
40.0000,25.7919,25.0360,25.0889,24.6367,23.9957,23.6051,23.4498,25.8483,25.3219,26.7578,25.8545,26.5213,25.4618,24.5892,24.4354,24.3292,25.0970,25.0751,25.7758,24.7819,24.1413,23.3649,23.7149,24.4166,23.5809,23.9089,23.9792,24.7220,27.5131,24.9994,25.1340,25.2205,27.6485,25.5984,25.4954,26.2560,25.2485,24.6880,25.2200,25.8675,27.3724,24.3025,25.9021,27.5081,28.2003,25.3213,27.8725,27.7427,24.0685,27.7088,27.1965,26.1800,28.2964,27.4792,27.5720,26.4499,25.0991,27.7229,24.8959,28.4445,27.4812,27.5138,27.6023,27.6704,27.4564,27.2391,27.3121,28.1240,27.7014,27.8367,28.6217,27.9167,27.9067,27.4858,25.5304,24.6633,25.0305,27.5703,26.7578,24.5562,24.6906,25.1759,25.2568,25.2757,25.3825,25.4148,25.4355,25.3989,25.2107,25.8435,25.3829,25.2055,25.1656,24.9660,24.8522,24.4883,24.7409,24.6219,0.0000,25.8786,26.1960,25.3076,24.5147,25.3896,25.8171,25.8212,26.7456,27.2688,27.4170,24.6778,25.4944,28.5247,26.6464,25.6833,23.4120,22.8781,26.0460,25.1403,25.0980,26.4836,27.7570,25.3095,25.3550,24.9178,25.1434,24.6610,26.7203,27.1498,24.9223,24.9288,24.8473,24.2001,22.1986,25.2528,25.1177,24.8261,25.3089,25.3925,25.4397,25.4706,23.0690,23.2697,24.7022,24.5919,27.7529,24.4085,24.7222,24.4276,27.1502,27.2158,26.9270,27.1077,26.4118,25.1013,26.0236,23.8486,25.0767,24.7057,25.0704,25.0268,27.2025,0.0000,26.2689,24.6417,27.2200,27.3576,25.0497,25.0094,26.8091,25.7100,25.3915,25.8951,24.1409,25.8545,24.1738,26.8223,24.6744,26.1921,28.8013,28.9231,27.6471,25.4241,24.3808,27.6589,27.5702,27.5640,24.9769,27.4318,23.4712,23.9267,23.9114,27.5117,28.6113,23.6386,27.8212,28.0671,28.0769,27.9754,27.7529,28.0621,28.0473,28.1698,28.0786,28.0402,27.6670,25.3829,24.8525,25.0269,0.0000,24.8487,25.3242,24.8487,24.7758,24.8174,25.1440,25.1272,25.5275,27.7069,25.1338,25.6196,25.8111,25.6380,24.5250,24.9881,28.0710,24.6887,24.5251,23.8804
41.0000,25.7220,25.0297,25.0811,24.6358,23.9978,23.5996,23.4439,25.7987,25.3189,26.7144,25.8297,26.4898,25.4613,24.5725,24.4555,24.3311,25.1740,25.1228,25.8513,24.7786,24.1437,23.3746,23.7237,24.4191,23.5735,23.9076,23.9787,24.7044,27.4493,24.9943,25.1283,25.2135,27.5787,25.5322,25.4360,26.2255,25.2451,24.6656,25.2153,25.7948,27.2440,24.2755,25.8763,27.3746,28.1231,25.3134,27.8988,27.7715,24.0791,27.6820,27.1526,26.1484,28.3048,27.4913,27.5478,26.4126,25.1321,27.6840,24.8919,28.4334,27.4973,27.5309,27.5738,27.6391,27.4564,27.2545,27.3266,28.1469,27.7127,27.8431,28.6283,27.9309,27.9098,27.5019,25.5347,24.6633,25.0545,27.5048,26.7167,24.5354,24.6906,25.2216,25.2533,25.2721,25.3806,25.4136,25.4326,25.3956,25.2085,25.8001,25.3720,25.2007,25.1610,24.9644,24.8507,24.4614,24.7120,24.6064,0.0000,25.8547,26.1663,25.3028,24.5169,25.3303,25.8719,25.8568,26.7695,27.2860,27.4334,24.6751,25.4803,28.5313,26.6075,25.6679,23.4012,22.8777,26.0288,25.0947,25.0952,26.4464,27.7769,25.3041,25.3503,24.9146,25.1374,24.6416,26.6788,27.1683,24.9185,24.9250,24.8553,24.2121,22.1917,25.2184,25.1132,24.8007,25.3053,25.3859,25.4317,25.4634,23.0627,23.2640,24.7076,24.5973,27.7730,24.4075,24.7353,24.4397,27.1673,27.2316,26.8491,27.0256,26.3503,25.0957,25.9912,23.8596,25.0833,24.7189,25.0679,25.0241,27.2210,0.0000,26.3448,24.6408,27.1768,27.3181,25.0470,25.0100,26.7680,25.6873,25.3805,25.8511,24.0932,25.9304,24.1263,26.6915,24.6571,26.1093,28.6528,28.7721,27.5774,25.3874,24.3820,27.6241,27.5367,27.5583,24.9107,27.4399,23.4650,23.9229,23.9101,27.3904,28.4660,23.6322,27.8447,28.0940,28.1039,27.9980,27.7730,28.0890,28.0687,28.1927,28.1058,28.0697,27.6868,25.3720,24.8510,25.0242,0.0000,24.9818,25.3212,24.9818,24.7815,24.8231,25.1391,25.1665,25.6231,27.6375,25.1280,25.7111,25.8671,25.7233,24.6958,24.9789,28.0698,24.7197,24.6959,23.8689
42.0000,25.5740,24.9558,25.0048,24.5817,23.9542,23.5342,23.3839,25.6920,25.2556,26.6005,25.7628,26.3928,25.4072,24.5046,24.3954,24.2670,25.1155,25.0575,25.8470,24.7066,24.0853,23.3258,23.6713,24.3611,23.5054,23.8403,23.9103,24.6347,27.3019,24.9216,25.0653,25.1503,27.4195,25.3873,25.2999,26.1409,25.1813,24.5735,25.1511,25.6438,27.0306,24.1908,25.8191,27.1556,27.9520,25.2282,27.8919,27.7704,24.0246,27.6218,27.0866,26.0437,28.2899,27.4646,27.4627,26.3037,25.0630,27.6139,24.8194,28.3960,27.4780,27.5144,27.5143,27.5767,27.4564,27.2281,27.3012,28.1191,27.6845,27.8064,28.5881,27.9104,27.8771,27.4826,25.4753,24.5915,24.9829,27.3550,26.6063,24.4532,24.6906,25.1539,25.1894,25.2073,25.3168,25.3492,25.3677,25.3310,25.1442,25.7044,25.2994,25.1366,25.0981,24.9033,24.7859,24.3677,24.6279,24.5407,0.0000,25.7827,26.0832,25.2391,24.4565,25.1918,25.8604,25.8314,26.7441,27.2626,27.4130,24.6117,25.4050,28.4908,26.5030,25.5919,23.3447,22.8284,25.9649,24.9682,25.0404,26.3399,27.7598,25.2378,25.2831,24.8420,25.0584,24.5739,26.5676,27.1426,24.8463,24.8527,24.7824,24.1619,22.1276,25.1295,25.0519,24.7334,25.2406,25.3179,25.3626,25.3727,22.9976,23.1989,24.6538,24.5437,27.7553,24.3541,24.6873,24.3891,27.1419,27.2055,26.7026,26.8744,26.2280,25.0304,25.8740,23.8142,24.9962,24.6470,25.0077,24.9716,27.1952,0.0000,26.3400,24.5868,27.1110,27.2527,24.9942,24.9623,26.6548,25.5920,25.3075,25.7729,24.0142,25.9259,24.0475,26.5297,24.5883,25.9442,28.3951,28.5237,27.4181,25.2968,24.3180,27.5586,27.4734,27.5182,24.8081,27.4210,23.4053,23.8588,23.8430,27.1733,28.2149,23.5667,27.8563,28.0862,28.0956,27.9856,27.7553,28.0810,28.0426,28.1646,28.0976,28.0657,27.6726,25.2994,24.7862,24.9717,0.0000,24.9417,25.2580,24.9417,24.7279,24.7693,25.0750,25.0981,25.6062,27.4798,25.0650,25.7233,25.8565,25.7289,24.6576,24.9134,28.0357,24.6575,24.6577,23.7966
43.0000,25.5913,25.0217,25.0690,24.6544,24.0259,23.6042,23.4564,25.7739,25.3323,26.7090,25.8752,26.5325,25.4736,24.5854,24.5067,24.3432,25.3418,25.2484,25.9908,24.7781,24.1604,23.4000,23.7468,24.4374,23.5753,23.9148,23.9845,24.7157,27.3806,24.9887,25.1334,25.2176,27.4921,25.4068,25.3270,26.2494,25.2576,24.6417,25.2287,25.6587,26.9975,24.2697,25.9425,27.1181,28.0174,25.2721,27.9646,27.8463,24.1128,27.6430,27.0919,26.0772,28.3173,27.5326,27.5022,26.3374,25.2146,27.6185,24.8742,28.4384,27.5483,27.5854,27.5339,27.5933,27.4564,27.3032,27.3718,28.1943,27.7457,27.8603,28.6491,27.9604,27.9343,27.5528,25.5429,24.6633,25.1129,27.4323,26.7051,24.5276,24.6906,25.3439,25.2656,25.2825,25.3936,25.4257,25.4436,25.4071,25.2196,25.7905,25.3776,25.2147,25.1772,24.9821,24.8623,24.4383,24.7101,24.6191,0.0000,25.8893,26.1905,25.3146,24.5325,25.2157,25.9800,25.9341,26.8302,27.3375,27.4845,24.6883,25.4810,28.5524,26.6040,25.6668,23.4188,22.8968,26.0094,25.0009,25.1203,26.3787,27.8312,25.3146,25.3606,24.9113,25.1075,24.6568,26.6811,27.2210,24.9012,24.9077,24.8753,24.2488,22.1934,25.2132,25.1187,24.8206,25.3155,25.3937,25.4376,25.4108,23.0607,23.2658,24.7356,24.6251,27.8269,24.4260,24.7749,24.4768,27.2183,27.2811,26.7426,26.9130,26.2899,25.0982,25.9532,23.9179,25.0722,24.7428,25.0859,25.0433,27.2742,0.0000,26.4873,24.6594,27.1168,27.2614,25.0659,25.0337,26.7583,25.6716,25.3859,25.7685,23.9971,26.0696,24.0311,26.4039,24.6691,25.9473,28.3364,28.4619,27.4906,25.3811,24.3943,27.5694,27.4872,27.5646,24.7605,27.4650,23.4779,23.9331,23.9175,27.1432,28.1630,23.6378,27.9277,28.1593,28.1687,28.0560,27.8269,28.1542,28.1163,28.2399,28.1706,28.1393,27.7442,25.3776,24.8626,25.0435,0.0000,25.2341,25.3346,25.2341,24.8104,24.8521,25.1536,25.2663,25.7960,27.5528,25.1331,25.8766,25.9769,25.8805,25.0122,24.9922,28.0883,24.8001,25.0123,23.8678
44.0000,25.2760,24.9876,25.0323,24.6083,23.9842,23.5045,23.3734,25.4707,25.2581,26.4148,25.6887,26.2686,25.3992,24.4374,24.5712,24.2971,25.5865,25.5461,26.0068,24.7359,24.1023,23.3609,23.7022,24.3902,23.4610,23.7996,23.8657,24.5566,27.0335,24.9574,25.0879,25.1725,27.1222,25.1023,25.0405,26.0266,25.1816,24.4554,25.1512,25.3362,26.5298,24.0537,25.7521,26.6373,27.6118,25.2970,27.9204,27.8090,24.1054,27.5266,26.9454,26.2007,28.2919,27.4888,27.5049,26.4250,25.4100,27.4623,24.8918,28.3499,27.5063,27.5445,27.4036,27.4559,27.4564,27.2673,27.3347,28.1507,27.6857,27.7866,28.6034,27.8930,27.8641,27.5107,25.5394,24.6633,25.2553,27.0801,26.4328,24.3478,24.6906,25.6466,25.1894,25.2089,25.3185,25.3490,25.3617,25.3276,25.1446,25.5034,25.3027,25.1394,25.1109,24.9364,24.8328,24.2179,24.4842,24.4603,0.0000,25.7074,25.9747,25.2346,24.4864,24.9311,25.9737,25.9179,26.8005,27.3003,27.4434,24.6225,25.4001,28.5044,26.3426,25.5741,23.3399,22.8382,25.8828,24.7550,25.0768,26.4562,27.7868,25.2338,25.2734,24.8920,25.1274,24.5029,26.3918,27.1858,24.9179,24.9244,24.9229,24.2296,22.0857,24.9590,25.0774,24.6551,25.2392,25.3087,25.3500,25.4245,22.9614,23.1667,24.6937,24.5834,27.7827,24.3803,24.7470,24.4574,27.1832,27.2455,26.3413,26.4939,25.9430,25.0561,25.8473,23.9157,25.0860,24.7814,25.0307,24.9994,27.2386,0.0000,26.5013,24.6133,26.9708,27.1188,25.0204,24.9907,26.4741,25.5793,25.3106,25.6122,23.8235,26.0857,23.8587,26.0043,24.5148,25.5902,27.7536,27.8678,27.1213,25.1174,24.3453,27.4237,27.3485,27.4782,24.5151,27.4336,23.3943,23.8326,23.8027,26.6748,27.5967,23.5229,27.8864,28.1130,28.1221,28.0102,27.7827,28.1079,28.0688,28.1960,28.1241,28.0927,27.7018,25.3027,24.8331,24.9995,0.0000,25.4077,25.2602,25.4077,24.7689,24.8114,25.0930,25.5064,25.8596,27.1860,25.0876,25.9005,25.9713,25.9043,25.1848,24.8886,28.0126,24.9562,25.1849,23.7336
45.0000,25.0960,24.9401,24.9822,24.5719,23.9546,23.4459,23.3235,25.3270,25.2064,26.2613,25.5831,26.1303,25.3614,24.3528,24.5583,24.2468,25.6714,25.6059,26.0081,24.7018,24.0585,23.3300,23.6674,24.3495,23.3956,23.7287,23.7931,24.4680,26.8536,24.9119,25.0451,25.1290,26.9314,24.9307,24.8793,25.9053,25.1290,24.3593,25.0948,25.1516,26.2526,23.9657,25.6441,26.3517,27.4041,25.2697,27.8666,27.7589,24.0746,27.4306,26.8291,26.2328,28.2687,27.4450,27.4743,26.4309,25.4346,27.3437,24.8660,28.3031,27.4528,27.4906,27.2991,27.3468,27.4564,27.2261,27.2937,28.0880,27.6218,27.7148,28.5599,27.8214,27.8101,27.4573,25.5059,24.6213,25.2626,26.8978,26.2893,24.2604,24.6906,25.7356,25.1367,25.1594,25.2651,25.2936,25.3033,25.2720,25.0921,25.3742,25.2386,25.0834,25.0580,24.8894,24.7877,24.1361,24.4009,24.3700,0.0000,25.6040,25.8563,25.1764,24.4450,24.7661,25.9561,25.8905,26.7634,27.2547,27.3917,24.5688,25.3327,28.4588,26.2040,25.5018,23.2883,22.7973,25.7800,24.6021,25.0471,26.4545,27.7315,25.1756,25.2135,24.8472,25.1000,24.4161,26.2407,27.1443,24.8916,24.8981,24.8961,24.1963,22.0242,24.8549,25.0367,24.5637,25.1860,25.2489,25.2902,25.3868,22.9129,23.1126,24.6529,24.5429,27.7283,24.3444,24.7115,24.4238,27.1407,27.2044,26.1448,26.2898,25.7786,25.0127,25.7418,23.9021,25.0317,24.7503,24.9835,24.9663,27.1983,0.0000,26.4994,24.5771,26.8548,27.0059,24.9869,24.9633,26.3269,25.4929,25.2461,25.4871,23.6878,26.0861,23.7238,25.7065,24.4278,25.3918,27.4356,27.5531,26.9308,25.0061,24.2945,27.3106,27.2389,27.3997,24.3256,27.4015,23.3433,23.7710,23.7320,26.4088,27.2863,23.4584,27.8292,28.0584,28.0676,27.9557,27.7283,28.0533,28.0085,28.1332,28.0695,28.0382,27.6478,25.2386,24.7880,24.9665,0.0000,25.5511,25.2085,25.5511,24.7281,24.7706,25.0402,25.5459,25.9050,26.9963,25.0449,25.9083,25.9540,25.9080,25.3858,24.8217,27.9608,24.9717,25.3857,23.6616
46.0000,25.0260,24.9772,25.0152,24.6265,24.0124,23.4702,23.3536,25.2862,25.2595,26.2249,25.6024,26.1117,25.4087,24.3806,24.6046,24.2893,25.7131,25.6473,26.0931,24.7446,24.1009,23.3715,23.7107,24.3986,23.4156,23.7492,23.8135,24.4896,26.8012,24.9508,25.0892,25.1654,26.8885,24.8639,24.8228,25.9056,25.1853,24.3623,25.1685,25.0780,26.1064,23.9677,25.6607,26.1990,27.3962,25.2616,27.9308,27.8285,24.1293,27.4306,26.8095,26.1863,28.2933,27.4925,27.4577,26.3726,25.4782,27.3277,24.8720,28.3439,27.5081,27.5469,27.2975,27.3424,27.4564,27.2782,27.3428,28.1401,27.6637,27.7459,28.6045,27.8597,27.8482,27.5126,25.5357,24.6633,25.2966,26.8411,26.2674,24.2690,24.6906,25.7737,25.1927,25.2153,25.3163,25.3435,25.3524,25.3228,25.1445,25.3475,25.3371,25.1615,25.1292,24.9978,24.8720,24.1406,24.4009,24.3920,0.0000,25.6223,25.8588,25.2484,24.4924,24.7030,26.0402,25.9645,26.8258,27.3093,27.4470,24.6355,25.4291,28.5031,26.1863,25.6079,23.3124,22.8229,25.7949,24.5463,25.1047,26.3984,27.7887,25.2487,25.2904,24.8868,25.0991,24.4425,26.2071,27.2004,24.8984,24.9048,24.9326,24.2528,22.0430,24.8424,25.0692,24.5873,25.2439,25.3179,25.3577,25.3750,22.9327,23.1349,24.7195,24.6091,27.7861,24.3986,24.7710,24.4808,27.1939,27.2572,26.0591,26.1993,25.7209,25.0556,25.8569,23.9694,25.0390,24.7797,25.0547,25.0246,27.2558,0.0000,26.5895,24.6318,26.8360,26.9908,25.0448,25.0161,26.2994,25.6069,25.3445,25.4378,23.6188,26.1716,23.6560,25.4392,24.4522,25.2996,27.2438,27.3538,26.8863,24.9896,24.3406,27.3005,27.2309,27.4265,24.1928,27.4285,23.3719,23.7958,23.7526,26.2653,27.1021,23.4804,27.8907,28.1226,28.1318,28.0172,27.7861,28.1175,28.0613,28.1856,28.1338,28.1025,27.7062,25.3371,24.8723,25.0248,0.0000,25.6049,25.2615,25.6049,24.7956,24.8341,25.1273,25.5878,25.9773,26.9465,25.0890,25.9989,26.0383,25.9932,25.4398,24.8784,27.9997,25.0161,25.4397,23.6781
47.0000,24.9077,24.9009,24.9358,24.5664,23.9691,23.4166,23.3034,25.1925,25.1671,26.1070,25.5211,26.0037,25.3357,24.3536,24.5546,24.2110,25.7393,25.6413,26.0650,24.6400,24.0425,23.3210,23.6575,24.3375,23.3641,23.6969,23.7604,24.4768,26.6403,24.8767,25.0167,25.0909,26.7139,24.7509,24.7193,25.8083,25.0933,24.3142,25.0823,24.9561,25.9125,23.9372,25.5851,25.9986,27.2009,25.1472,27.8632,27.7597,24.0684,27.3352,26.6997,26.0359,28.2577,27.4286,27.3345,26.2122,25.4497,27.2166,24.7728,28.2678,27.4415,27.4799,27.1961,27.2383,27.4564,27.2154,27.2815,28.0745,27.6011,27.6863,28.5366,27.7975,27.7770,27.4460,25.4541,24.6027,25.2565,26.6774,26.1476,24.2389,24.6906,25.7747,25.1004,25.1153,25.2287,25.2594,25.2330,25.2166,25.0538,25.2793,25.2487,25.0771,25.0524,24.9271,24.8049,24.1264,24.4009,24.4292,0.0000,25.5368,25.7629,25.1505,24.4299,24.5902,25.9957,25.9119,26.7667,27.2453,27.3812,24.5538,25.3369,28.4334,26.0716,25.5098,23.2615,22.7706,25.7068,24.4334,25.0381,26.2406,27.7217,25.1588,25.1950,24.8171,24.9923,24.4199,26.0908,27.1381,24.7995,24.8060,24.8776,24.1922,21.9945,24.8119,24.9984,24.5739,25.1492,25.2248,25.2698,25.2563,22.8783,23.0812,24.6545,24.5444,27.7190,24.3390,24.7097,24.4197,27.1308,27.1945,25.9603,26.0985,25.6366,24.9827,25.7282,23.9140,24.9636,24.7178,24.9831,24.9646,27.1941,0.0000,26.5563,24.5716,26.7265,26.8829,24.9931,24.9695,26.1814,25.4973,25.2556,25.3070,23.4833,26.1440,23.5210,25.1710,24.4326,25.1706,27.0595,27.1666,26.7121,24.9485,24.2618,27.1934,27.1258,27.3438,24.0126,27.3835,23.3212,23.7438,23.7003,26.0972,26.9191,23.4291,27.8233,28.0546,28.0639,27.9531,27.7190,28.0495,27.9919,28.1199,28.0659,28.0346,27.6390,25.2487,24.8052,24.9647,0.0000,25.6926,25.1687,25.6926,24.7301,24.7684,25.0503,25.5673,25.9857,26.7749,25.0165,25.9742,25.9941,25.9682,25.5807,24.8140,27.9270,24.9833,25.5807,23.6331
48.0000,24.6741,24.6151,24.6475,24.2839,23.6984,23.1903,23.0786,24.9744,24.8568,25.8219,25.2564,25.7249,25.0324,24.1793,24.2804,23.9312,25.4561,25.3595,25.8078,24.3407,23.7850,23.0705,23.4029,24.0701,23.1470,23.4721,23.5351,24.2938,26.2876,24.5930,24.7210,24.7900,26.3452,24.5276,24.4976,25.5325,24.7856,24.1288,24.7868,24.7196,25.6192,23.8206,25.3269,25.7001,26.8070,24.8646,27.6149,27.5091,23.8038,27.0726,26.4217,25.7199,28.1598,27.2067,27.0553,25.8884,25.1715,26.9331,24.5017,28.0310,27.2013,27.2389,26.9210,26.9590,27.4564,26.9867,27.0630,27.8255,27.3648,27.4538,28.3163,27.5498,27.5439,27.2057,25.1906,24.3410,24.9805,26.3213,25.8455,24.0800,24.3993,25.4925,24.7923,24.8048,24.9138,24.9406,24.9210,24.9041,24.7402,25.0987,24.9509,24.7833,24.7635,24.6464,24.5309,24.0534,24.3482,24.2451,0.0000,25.2648,25.4856,24.8471,24.1620,24.3573,25.7418,25.6568,26.5238,27.0081,27.1415,24.2672,25.0348,28.2077,25.7752,25.2014,23.0360,22.5322,25.3502,24.1800,24.7407,25.9190,27.4772,24.8595,24.8950,24.5400,24.7155,24.2489,25.8067,26.9004,24.5287,24.5351,24.6089,23.9290,21.7902,24.7004,24.7033,24.4083,24.8404,24.9201,24.9604,24.9716,22.6567,22.8580,24.3815,24.2727,27.4742,24.0589,24.4426,24.1540,26.8960,26.9650,25.7581,25.8972,25.4446,24.6899,25.4003,23.6637,24.6519,24.4276,24.6963,24.6710,26.9571,0.0000,26.2881,24.2889,26.4485,26.6059,24.6982,24.6779,25.8876,25.1845,24.9572,25.0394,23.2192,25.8836,23.2574,24.7903,24.2534,24.9485,26.8146,26.9126,26.3437,24.8171,23.9810,26.9131,26.8484,27.0844,23.7103,27.2334,23.0957,23.5164,23.4756,25.8811,26.6729,23.2108,27.5799,27.8063,27.8155,27.7045,27.4742,27.8012,27.7417,27.8705,27.8175,27.7860,27.3960,24.9509,24.5312,24.6711,0.0000,25.4178,24.8583,25.4178,24.4560,24.4932,24.7621,25.2866,25.7191,26.4095,24.7208,25.7201,25.7404,25.7157,25.3076,24.5634,27.6928,24.7061,25.3075,23.4336
